0	0	1.0	2.0
2	9	10.0	11.0
3	13	14.0	
9	42	43.0	44.0
13	68	69.0	70.0
14	72	73.0	74.0
18	90	91.0	
23	118	119.0	
26	129		
27	131	132.0	133.0
28	135	136.0	137.0
32	151	152.0	
34	156	157.0	158.0
35	160	161.0	
37	166	167.0	168.0
38	170	171.0	172.0
39	174	175.0	176.0
42	190		
47	218	219.0	220.0
54	250	251.0	
55	253	254.0	
56	256	257.0	258.0
60	276	277.0	278.0
61	280	281.0	
62	283	284.0	285.0
64	296	297.0	
65	299	300.0	301.0
69	316	317.0	318.0
70	320	321.0	322.0
71	324		
74	339	340.0	
75	342	343.0	344.0
76	346	347.0	348.0
79	361	362.0	363.0
82	377	378.0	379.0
85	393	394.0	395.0
86	397	398.0	
87	400	401.0	402.0
88	404	405.0	
91	418		
95	438	439.0	
97	448	449.0	450.0
98	452	453.0	
99	455	456.0	457.0
106	494	495.0	
107	497		
108	499		
109	501	502.0	
114	532	533.0	
118	544	545.0	
121	556		
123	568	569.0	570.0
126	584	585.0	
129	598	599.0	600.0
130	602	603.0	
131	605	606.0	607.0
135	629	630.0	631.0
136	633	634.0	635.0
139	648	649.0	650.0
145	679	680.0	
151	714	715.0	716.0
153	723	724.0	725.0
155	735	736.0	737.0
157	748	749.0	
159	751	752.0	
170	802	803.0	804.0
171	806	807.0	
172	809	810.0	
173	812	813.0	814.0
174	816	817.0	818.0
176	825		
177	827	828.0	
182	851	852.0	853.0
183	855	856.0	857.0
185	866	867.0	868.0
189	888	889.0	
191	895		
194	908	909.0	910.0
196	918	919.0	
199	935	936.0	937.0
200	939	940.0	
201	942	943.0	
206	968	969.0	
210	984	985.0	986.0
214	1008		
215	1010		
221	1041	1042.0	1043.0
223	1052	1053.0	1054.0
225	1065	1066.0	1067.0
229	1086		
231	1092	1093.0	
232	1095	1096.0	
234	1103	1104.0	1105.0
236	1113		
238	1121	1122.0	1123.0
240	1131		
242	1141		
243	1143		
246	1153	1154.0	
251	1182	1183.0	1184.0
252	1186	1187.0	
253	1189	1190.0	1191.0
255	1197	1198.0	
257	1208	1209.0	1210.0
258	1212	1213.0	
260	1222	1223.0	1224.0
261	1226	1227.0	
262	1229	1230.0	1231.0
263	1233		
264	1235		
266	1242	1243.0	1244.0
273	1278		
274	1280	1281.0	
278	1298	1299.0	1300.0
284	1341	1342.0	1343.0
285	1345	1346.0	1347.0
287	1352		
290	1367	1368.0	
291	1370	1371.0	
298	1403		
299	1405		
300	1407	1408.0	
305	1431	1432.0	
307	1434	1435.0	
308	1437	1438.0	1439.0
309	1441	1442.0	
315	1471	1472.0	
318	1481	1482.0	
321	1497		
322	1499	1500.0	1501.0
331	1552	1553.0	1554.0
332	1556	1557.0	
333	1559		
334	1561		
335	1563		
336	1565	1566.0	
338	1574	1575.0	
341	1582	1583.0	1584.0
346	1606	1607.0	1608.0
347	1610	1611.0	1612.0
348	1614		
350	1616	1617.0	
351	1619	1620.0	1621.0
353	1628	1629.0	
354	1631		
355	1633	1634.0	1635.0
357	1642	1643.0	
363	1668	1669.0	1670.0
370	1703	1704.0	
373	1719	1720.0	1721.0
376	1726	1727.0	
380	1745		
381	1747	1748.0	1749.0
387	1778	1779.0	
391	1798	1799.0	1800.0
392	1802	1803.0	
393	1805	1806.0	
398	1833	1834.0	1835.0
399	1837	1838.0	1839.0
401	1845	1846.0	1847.0
404	1858	1859.0	
406	1871	1872.0	1873.0
408	1878	1879.0	1880.0
411	1891	1892.0	1893.0
413	1895	1896.0	
414	1898	1899.0	1900.0
417	1919	1920.0	1921.0
421	1938		
424	1951	1952.0	
429	1977	1978.0	
431	1989	1990.0	1991.0
432	1993		
434	1995	1996.0	
435	1998		
441	2035	2036.0	2037.0
442	2039	2040.0	
450	2084	2085.0	
454	2097	2098.0	2099.0
456	2106	2107.0	2108.0
457	2110	2111.0	2112.0
462	2122	2123.0	
465	2128	2129.0	
469	2153	2154.0	2155.0
474	2175		
475	2177	2178.0	2179.0
479	2197	2198.0	
486	2237	2238.0	
487	2240	2241.0	2242.0
489	2250	2251.0	2252.0
494	2271	2272.0	2273.0
497	2288	2289.0	2290.0
498	2292	2293.0	
499	2295	2296.0	
502	2310	2311.0	2312.0
506	2324	2325.0	
507	2327	2328.0	
508	2330		
513	2358	2359.0	2360.0
515	2368		
516	2370	2371.0	
520	2388	2389.0	
523	2400	2401.0	
524	2403	2404.0	
525	2406	2407.0	2408.0
531	2433	2434.0	
532	2436	2437.0	2438.0
537	2456	2457.0	
538	2459	2460.0	2461.0
539	2463	2464.0	2465.0
540	2467	2468.0	
541	2470	2471.0	2472.0
549	2525	2526.0	2527.0
551	2534	2535.0	2536.0
552	2538		
553	2540	2541.0	2542.0
554	2544	2545.0	2546.0
556	2553		
557	2555		
558	2557	2558.0	2559.0
560	2567		
561	2569		
567	2609		
570	2622	2623.0	2624.0
578	2666	2667.0	
580	2679		
586	2711	2712.0	2713.0
588	2717		
591	2731	2732.0	2733.0
592	2735	2736.0	
596	2747	2748.0	
601	2768	2769.0	
605	2789		
606	2791	2792.0	2793.0
607	2795		
611	2813	2814.0	2815.0
613	2823	2824.0	2825.0
614	2827	2828.0	2829.0
615	2831	2832.0	2833.0
620	2859		
621	2861	2862.0	
622	2864	2865.0	
623	2867	2868.0	
625	2875		
633	2911	2912.0	2913.0
634	2915		
642	2960	2961.0	
643	2963	2964.0	
646	2977	2978.0	2979.0
649	2992		
656	3024	3025.0	
662	3059	3060.0	3061.0
668	3094	3095.0	3096.0
669	3098	3099.0	
670	3101	3102.0	
671	3104	3105.0	3106.0
672	3108	3109.0	3110.0
674	3121	3122.0	
676	3133	3134.0	
678	3142	3143.0	
681	3155	3156.0	
682	3158	3159.0	3160.0
683	3162	3163.0	3164.0
687	3183		
692	3210		
699	3248	3249.0	3250.0
700	3252	3253.0	3254.0
701	3256	3257.0	3258.0
702	3260	3261.0	
712	3299	3300.0	3301.0
719	3338		
723	3357	3358.0	
724	3360	3361.0	3362.0
729	3393	3394.0	
737	3430		
738	3432	3433.0	
743	3459	3460.0	3461.0
744	3463		
745	3465	3466.0	3467.0
748	3482	3483.0	
753	3505		
756	3518	3519.0	3520.0
758	3528	3529.0	3530.0
761	3543	3544.0	3545.0
762	3547	3548.0	
764	3556	3557.0	3558.0
766	3565	3566.0	
767	3568	3569.0	
770	3576	3577.0	3578.0
772	3584	3585.0	3586.0
773	3588	3589.0	3590.0
775	3601	3602.0	3603.0
781	3626	3627.0	3628.0
782	3630	3631.0	
783	3633	3634.0	3635.0
784	3637	3638.0	3639.0
786	3646	3647.0	3648.0
788	3656	3657.0	
791	3669	3670.0	
798	3698	3699.0	3700.0
802	3718	3719.0	3720.0
804	3728		
805	3730		
810	3755	3756.0	3757.0
811	3759	3760.0	
813	3767		
814	3769	3770.0	
817	3778	3779.0	3780.0
821	3793	3794.0	
823	3800		
825	3804	3805.0	3806.0
827	3815	3816.0	
828	3818	3819.0	
829	3821	3822.0	
830	3824	3825.0	
832	3833	3834.0	3835.0
833	3837		
834	3839	3840.0	3841.0
837	3855	3856.0	3857.0
841	3876	3877.0	3878.0
843	3885		
845	3894	3895.0	3896.0
849	3909	3910.0	3911.0
851	3919	3920.0	3921.0
856	3945	3946.0	
857	3948	3949.0	
859	3953	3954.0	
863	3977	3978.0	
865	3984		
867	3992		
869	3998	3999.0	
871	4003		
875	4020	4021.0	4022.0
876	4024		
881	4050	4051.0	4052.0
883	4061	4062.0	
888	4084		
889	4086	4087.0	
894	4116	4117.0	4118.0
895	4120	4121.0	4122.0
900	4135	4136.0	
904	4157	4158.0	4159.0
907	4174	4175.0	4176.0
909	4185	4186.0	4187.0
911	4195	4196.0	4197.0
916	4222		
921	4247	4248.0	4249.0
922	4251	4252.0	4253.0
923	4255	4256.0	4257.0
930	4280	4281.0	4282.0
932	4284	4285.0	
933	4287		
934	4289	4290.0	4291.0
935	4293		
938	4309	4310.0	
940	4316	4317.0	4318.0
945	4344	4345.0	4346.0
948	4358		
950	4366	4367.0	4368.0
951	4370	4371.0	
952	4373	4374.0	
953	4376		
954	4378	4379.0	4380.0
955	4382	4383.0	4384.0
956	4386	4387.0	4388.0
957	4390		
959	4396		
963	4420	4421.0	4422.0
964	4424	4425.0	4426.0
966	4436	4437.0	4438.0
973	4470	4471.0	4472.0
975	4480		
978	4494		
979	4496	4497.0	
980	4499		
982	4507	4508.0	4509.0
983	4511	4512.0	4513.0
989	4543	4544.0	4545.0
992	4558		
998	4583	4584.0	4585.0
1001	4596	4597.0	4598.0
1003	4600	4601.0	4602.0
1011	4640	4641.0	4642.0
1021	4694		
1024	4705		
1026	4713	4714.0	
1031	4733	4734.0	4735.0
1036	4761	4762.0	
1039	4774	4775.0	
1040	4777	4778.0	
1046	4812	4813.0	4814.0
1047	4816	4817.0	
1048	4819	4820.0	4821.0
1052	4843	4844.0	4845.0
1053	4847	4848.0	
1056	4857		
1057	4859	4860.0	4861.0
1058	4863	4864.0	
1060	4871	4872.0	
1061	4874	4875.0	4876.0
1062	4878	4879.0	4880.0
1063	4882	4883.0	4884.0
1064	4886	4887.0	4888.0
1065	4890	4891.0	4892.0
1071	4923		
1072	4925	4926.0	
1075	4938	4939.0	
1078	4953		
1080	4961	4962.0	
1081	4964	4965.0	4966.0
1086	4988	4989.0	4990.0
1088	4999	5000.0	5001.0
1089	5003	5004.0	
1090	5006	5007.0	5008.0
1094	5018	5019.0	5020.0
1095	5022	5023.0	5024.0
1098	5037	5038.0	5039.0
1100	5051		
1101	5053		
1107	5075		
1111	5089	5090.0	5091.0
1112	5093	5094.0	
1113	5096	5097.0	
1115	5104	5105.0	5106.0
1120	5127	5128.0	5129.0
1121	5131	5132.0	
1122	5134		
1124	5138	5139.0	
1127	5151	5152.0	5153.0
1130	5164	5165.0	5166.0
1131	5168	5169.0	
1132	5171	5172.0	
1135	5186	5187.0	5188.0
1136	5190		
1145	5231	5232.0	5233.0
1147	5242		
1148	5244	5245.0	
1150	5254	5255.0	
1151	5257	5258.0	
1152	5260	5261.0	
1153	5263	5264.0	
1154	5266	5267.0	5268.0
1158	5277	5278.0	5279.0
1160	5287	5288.0	
1161	5290	5291.0	
1165	5306	5307.0	5308.0
1167	5316		
1169	5323	5324.0	5325.0
1170	5327	5328.0	5329.0
1171	5331	5332.0	5333.0
1177	5356		
1178	5358	5359.0	
1181	5364	5365.0	5366.0
1182	5368	5369.0	
1187	5393		
1190	5409	5410.0	5411.0
1191	5413	5414.0	
1194	5424	5425.0	5426.0
1197	5442	5443.0	5444.0
1200	5458	5459.0	
1202	5461		
1203	5463	5464.0	
1204	5466		
1206	5478		
1207	5480	5481.0	
1208	5483	5484.0	
1210	5492	5493.0	
1215	5510	5511.0	5512.0
1219	5532	5533.0	
1220	5535		
1222	5540		
1224	5546	5547.0	5548.0
1226	5557		
1230	5575		
1238	5615	5616.0	
1239	5618		
1241	5628	5629.0	
1243	5636		
1246	5651	5652.0	5653.0
1247	5655	5656.0	
1248	5658		
1251	5672		
1254	5685	5686.0	5687.0
1256	5694	5695.0	5696.0
1258	5704		
1259	5706		
1260	5708		
1261	5710	5711.0	
1262	5713	5714.0	
1268	5739	5740.0	5741.0
1271	5750	5751.0	
1273	5756	5757.0	
1275	5766	5767.0	5768.0
1276	5770	5771.0	5772.0
1279	5786	5787.0	5788.0
1280	5790	5791.0	5792.0
1281	5794		
1283	5805		
1284	5807	5808.0	5809.0
1288	5825	5826.0	
1289	5828	5829.0	5830.0
1292	5840	5841.0	
1293	5843		
1297	5858	5859.0	
1302	5882	5883.0	
1306	5900	5901.0	5902.0
1310	5926	5927.0	5928.0
1313	5936		
1315	5943		
1318	5950	5951.0	5952.0
1320	5954	5955.0	5956.0
1321	5958	5959.0	
1322	5961	5962.0	
1325	5977	5978.0	
1330	6004	6005.0	6006.0
1331	6008		
1335	6028	6029.0	
1337	6036	6037.0	
1341	6055		
1343	6064	6065.0	
1345	6069	6070.0	
1346	6072	6073.0	
1347	6075		
1349	6083	6084.0	6085.0
1351	6090	6091.0	
1353	6099	6100.0	6101.0
1356	6111	6112.0	
1360	6127		
1362	6136	6137.0	
1364	6141	6142.0	
1366	6149	6150.0	
1369	6164	6165.0	
1371	6173	6174.0	
1373	6183		
1379	6216	6217.0	6218.0
1383	6234	6235.0	
1385	6242	6243.0	
1387	6250	6251.0	6252.0
1389	6256	6257.0	6258.0
1392	6272	6273.0	
1394	6281		
1395	6283		
1397	6291	6292.0	6293.0
1398	6295		
1402	6313	6314.0	6315.0
1404	6322		
1405	6324	6325.0	
1408	6338		
1410	6345	6346.0	6347.0
1414	6365	6366.0	
1415	6368		
1420	6389	6390.0	
1423	6404	6405.0	
1424	6407	6408.0	6409.0
1427	6424	6425.0	6426.0
1429	6433	6434.0	6435.0
1430	6437	6438.0	6439.0
1433	6448		
1435	6456	6457.0	6458.0
1436	6460	6461.0	
1437	6463	6464.0	
1439	6473	6474.0	6475.0
1443	6491	6492.0	6493.0
1444	6495	6496.0	
1447	6510	6511.0	
1448	6513	6514.0	6515.0
1451	6531	6532.0	6533.0
1452	6535	6536.0	6537.0
1453	6539	6540.0	6541.0
1454	6543	6544.0	
1460	6569	6570.0	6571.0
1462	6580	6581.0	6582.0
1464	6584		
1468	6603		
1469	6605	6606.0	6607.0
1478	6657	6658.0	6659.0
1479	6661	6662.0	6663.0
1480	6665	6666.0	
1481	6668	6669.0	6670.0
1490	6703	6704.0	
1494	6718	6719.0	
1495	6721		
1496	6723	6724.0	6725.0
1497	6727	6728.0	6729.0
1498	6731		
1499	6733	6734.0	
1501	6739		
1506	6765	6766.0	6767.0
1508	6775		
1509	6777		
1510	6779		
1514	6796		
1516	6803		
1517	6805	6806.0	6807.0
1518	6809	6810.0	
1520	6812		
1524	6826		
1525	6828	6829.0	
1526	6831	6832.0	
1528	6836		
1529	6838	6839.0	6840.0
1530	6842	6843.0	6844.0
1534	6861	6862.0	
1535	6864		
1536	6866	6867.0	
1537	6869	6870.0	6871.0
1538	6873	6874.0	6875.0
1539	6877	6878.0	
1541	6886	6887.0	
1544	6897	6898.0	
1546	6905	6906.0	6907.0
1549	6914	6915.0	
1556	6943	6944.0	
1558	6949	6950.0	
1559	6952		
1560	6954	6955.0	6956.0
1563	6970		
1566	6983	6984.0	6985.0
1567	6987	6988.0	6989.0
1571	7006	7007.0	
1574	7022	7023.0	7024.0
1577	7034	7035.0	
1580	7048	7049.0	7050.0
1582	7058		
1584	7062	7063.0	
1586	7071		
1588	7073	7074.0	7075.0
1589	7077	7078.0	7079.0
1593	7093	7094.0	
1594	7096	7097.0	7098.0
1595	7100	7101.0	7102.0
1596	7104		
1597	7106	7107.0	7108.0
1598	7110		
1599	7112	7113.0	7114.0
1600	7116	7117.0	7118.0
1604	7136	7137.0	
1605	7139		
1607	7144		
1611	7161	7162.0	
1613	7169		
1614	7171	7172.0	7173.0
1617	7190		
1618	7192	7193.0	
1619	7195	7196.0	
1621	7206	7207.0	
1625	7222	7223.0	7224.0
1626	7226	7227.0	7228.0
1628	7237	7238.0	
1630	7243	7244.0	
1633	7258	7259.0	
1634	7261	7262.0	
1636	7269	7270.0	
1639	7280	7281.0	
1640	7283		
1642	7292	7293.0	
1644	7298	7299.0	
1645	7301	7302.0	
1646	7304	7305.0	
1647	7307	7308.0	7309.0
1648	7311	7312.0	7313.0
1649	7315	7316.0	
1650	7318		
1651	7320	7321.0	7322.0
1652	7324		
1653	7326	7327.0	7328.0
1656	7340	7341.0	
1659	7354	7355.0	
1660	7357	7358.0	
1661	7360	7361.0	
1662	7363	7364.0	7365.0
1663	7367	7368.0	
1666	7378		
1670	7390	7391.0	
1673	7403	7404.0	
1677	7423		
1679	7431		
1681	7439	7440.0	
1685	7454	7455.0	
1689	7473	7474.0	
1697	7497		
1700	7508		
1701	7510		
1704	7520	7521.0	7522.0
1709	7540	7541.0	
1711	7546	7547.0	7548.0
1712	7550	7551.0	
1713	7553		
1714	7555	7556.0	7557.0
1717	7571	7572.0	7573.0
1718	7575		
1723	7601	7602.0	
1726	7617	7618.0	7619.0
1727	7621	7622.0	
1730	7632	7633.0	
1731	7635	7636.0	
1732	7638	7639.0	7640.0
1736	7658	7659.0	
1740	7681	7682.0	7683.0
1742	7685		
1746	7703		
1749	7717	7718.0	
1751	7722	7723.0	7724.0
1759	7751	7752.0	7753.0
1760	7755		
1761	7757	7758.0	7759.0
1762	7761		
1763	7763	7764.0	
1764	7766	7767.0	7768.0
1772	7811		
1773	7813	7814.0	7815.0
1774	7817	7818.0	7819.0
1775	7821	7822.0	
1776	7824		
1778	7826	7827.0	7828.0
1779	7830	7831.0	7832.0
1781	7840	7841.0	7842.0
1784	7859		
1785	7861	7862.0	7863.0
1788	7873	7874.0	7875.0
1789	7877		
1790	7879		
1792	7881	7882.0	7883.0
1793	7885	7886.0	7887.0
1796	7899	7900.0	
1801	7925	7926.0	
1804	7934	7935.0	7936.0
1807	7948	7949.0	7950.0
1812	7980		
1814	7985	7986.0	
1815	7988		
1818	7993		
1820	8002	8003.0	8004.0
1822	8011		
1823	8013	8014.0	
1824	8016	8017.0	8018.0
1826	8028		
1828	8039	8040.0	
1834	8071		
1840	8101	8102.0	
1842	8110	8111.0	
1844	8116	8117.0	8118.0
1847	8131	8132.0	8133.0
1848	8135		
1851	8148	8149.0	
1854	8163	8164.0	
1856	8172		
1857	8174		
1858	8176	8177.0	8178.0
1859	8180		
1867	8206	8207.0	8208.0
1868	8210	8211.0	
1869	8213	8214.0	
1874	8236		
1876	8243	8244.0	8245.0
1881	8269	8270.0	
1883	8272		
1884	8274	8275.0	8276.0
1886	8283	8284.0	8285.0
1887	8287	8288.0	8289.0
1889	8294	8295.0	8296.0
1893	8317	8318.0	
1896	8336	8337.0	
1897	8339	8340.0	8341.0
1898	8343	8344.0	8345.0
1901	8360	8361.0	8362.0
1905	8374		
1906	8376		
1907	8378		
1908	8380		
1910	8388		
1911	8390	8391.0	
1917	8419	8420.0	8421.0
1918	8423	8424.0	
1919	8426	8427.0	
1923	8439	8440.0	
1924	8442	8443.0	
1925	8445	8446.0	8447.0
1928	8458		
1929	8460	8461.0	
1931	8468	8469.0	8470.0
1940	8510	8511.0	
1944	8532		
1947	8544		
1949	8546		
1952	8553	8554.0	8555.0
1953	8557	8558.0	
1954	8560		
1955	8562	8563.0	8564.0
1956	8566	8567.0	8568.0
1958	8575		
1959	8577	8578.0	
1964	8603	8604.0	
1966	8615	8616.0	
1967	8618		
1973	8639	8640.0	
1974	8642	8643.0	8644.0
1975	8646	8647.0	8648.0
1976	8650	8651.0	
1979	8663	8664.0	
1982	8678	8679.0	
1985	8691	8692.0	
1987	8700		
1988	8702	8703.0	8704.0
1989	8706	8707.0	8708.0
1992	8720		
1993	8722		
1994	8724		
1995	8726	8727.0	
1998	8736		
1999	8738	8739.0	8740.0
2000	8742		
2001	8744	8745.0	8746.0
2003	8755	8756.0	
2010	8786		
2012	8793		
2013	8795	8796.0	
2017	8804	8805.0	8806.0
2021	8821		
2022	8823	8824.0	
2026	8842	8843.0	8844.0
2028	8846		
2032	8865	8866.0	8867.0
2033	8869	8870.0	
2034	8872	8873.0	8874.0
2035	8876		
2036	8878	8879.0	8880.0
2037	8882	8883.0	8884.0
2039	8891	8892.0	8893.0
2041	8897	8898.0	8899.0
2043	8906	8907.0	
2046	8915	8916.0	
2050	8938	8939.0	
2052	8947	8948.0	8949.0
2053	8951	8952.0	8953.0
2054	8955	8956.0	
2055	8958	8959.0	8960.0
2058	8972	8973.0	
2059	8975		
2060	8977		
2062	8982	8983.0	
2065	8994		
2067	9003	9004.0	
2068	9006		
2071	9016	9017.0	9018.0
2072	9020	9021.0	
2073	9023	9024.0	9025.0
2074	9027	9028.0	
2078	9045	9046.0	9047.0
2079	9049	9050.0	9051.0
2082	9063	9064.0	9065.0
2085	9078	9079.0	
2087	9087	9088.0	9089.0
2092	9115	9116.0	
2093	9118	9119.0	
2094	9121	9122.0	9123.0
2095	9125	9126.0	
2096	9128	9129.0	9130.0
2098	9139		
2102	9149	9150.0	9151.0
2106	9168	9169.0	9170.0
2109	9183	9184.0	
2110	9186		
2111	9188	9189.0	
2113	9195	9196.0	9197.0
2118	9211		
2119	9213	9214.0	
2121	9224	9225.0	
2124	9236	9237.0	
2125	9239	9240.0	9241.0
2126	9243	9244.0	9245.0
2132	9265	9266.0	9267.0
2134	9269	9270.0	9271.0
2135	9273		
2137	9278	9279.0	9280.0
2138	9282	9283.0	
2140	9287		
2143	9292	9293.0	
2144	9295		
2145	9297	9298.0	
2146	9300		
2149	9312	9313.0	
2155	9341	9342.0	
2156	9344	9345.0	9346.0
2159	9359	9360.0	
2161	9367	9368.0	9369.0
2162	9371	9372.0	
2166	9391		
2170	9404	9405.0	9406.0
2171	9408	9409.0	
2173	9414	9415.0	9416.0
2174	9418	9419.0	
2176	9425	9426.0	
2179	9440	9441.0	9442.0
2180	9444		
2183	9455	9456.0	
2185	9463		
2186	9465		
2187	9467		
2191	9480		
2197	9509	9510.0	9511.0
2198	9513	9514.0	9515.0
2199	9517	9518.0	
2200	9520	9521.0	
2201	9523		
2202	9525	9526.0	9527.0
2207	9543	9544.0	9545.0
2208	9547	9548.0	9549.0
2210	9556	9557.0	9558.0
2211	9560	9561.0	
2218	9598	9599.0	9600.0
2220	9607	9608.0	
2222	9613	9614.0	9615.0
2225	9628	9629.0	9630.0
2227	9637	9638.0	9639.0
2228	9641	9642.0	9643.0
2231	9655	9656.0	
2234	9670	9671.0	
2243	9711		
2245	9722	9723.0	
2249	9739	9740.0	
2253	9754	9755.0	9756.0
2254	9758	9759.0	
2255	9761	9762.0	
2265	9807		
2268	9814	9815.0	
2272	9824	9825.0	9826.0
2274	9834	9835.0	9836.0
2275	9838	9839.0	9840.0
2276	9842	9843.0	
2277	9845	9846.0	
2279	9853	9854.0	9855.0
2282	9867	9868.0	9869.0
2283	9871	9872.0	
2285	9879	9880.0	
2286	9882		
2289	9897	9898.0	9899.0
2298	9928	9929.0	
2300	9940	9941.0	9942.0
2301	9944		
2302	9946	9947.0	
2304	9954		
2305	9956		
2306	9958	9959.0	
2308	9964		
2309	9966	9967.0	9968.0
2314	9987	9988.0	
2317	10000		
2318	10002	10003.0	
2319	10005		
2325	10028	10029.0	
2326	10031		
2330	10047	10048.0	
2331	10050	10051.0	10052.0
2332	10054	10055.0	10056.0
2335	10069	10070.0	
2337	10072		
2341	10087	10088.0	
2342	10090	10091.0	10092.0
2344	10096	10097.0	
2345	10099	10100.0	
2348	10110		
2353	10131	10132.0	10133.0
2355	10140	10141.0	10142.0
2358	10153	10154.0	10155.0
2359	10157	10158.0	10159.0
2361	10167	10168.0	
2362	10170		
2363	10172		
2365	10176	10177.0	
2366	10179	10180.0	
2367	10182		
2369	10189	10190.0	10191.0
2370	10193		
2371	10195	10196.0	10197.0
2372	10199	10200.0	
2375	10206	10207.0	
2377	10214	10215.0	10216.0
2379	10223	10224.0	
2380	10226	10227.0	
2383	10232		
2384	10234	10235.0	10236.0
2385	10238	10239.0	10240.0
2389	10258		
2390	10260	10261.0	10262.0
2393	10272	10273.0	
2395	10280	10281.0	
2397	10283		
2398	10285	10286.0	10287.0
2404	10312		
2406	10317	10318.0	10319.0
2409	10332	10333.0	10334.0
2411	10342	10343.0	10344.0
2414	10358		
2415	10360		
2417	10368		
2423	10398	10399.0	10400.0
2426	10412		
2431	10431		
2433	10439	10440.0	10441.0
2434	10443	10444.0	10445.0
2437	10451	10452.0	10453.0
2438	10455	10456.0	10457.0
2441	10465	10466.0	10467.0
2442	10469		
2443	10471	10472.0	10473.0
2444	10475	10476.0	
2445	10478		
2446	10480	10481.0	
2448	10483	10484.0	
2450	10486	10487.0	
2451	10489	10490.0	
2452	10492		
2454	10494	10495.0	
2455	10497	10498.0	
2456	10500	10501.0	
2458	10509	10510.0	
2462	10527	10528.0	10529.0
2463	10531	10532.0	
2468	10547	10548.0	
2469	10550	10551.0	10552.0
2471	10558	10559.0	10560.0
2476	10583	10584.0	
2477	10586	10587.0	10588.0
2478	10590		
2479	10592		
2480	10594	10595.0	
2481	10597	10598.0	
2482	10600		
2483	10602		
2485	10609		
2486	10611		
2487	10613	10614.0	
2489	10621	10622.0	
2492	10632	10633.0	
2493	10635	10636.0	10637.0
2495	10644	10645.0	
2498	10655	10656.0	
2499	10658	10659.0	
2500	10661	10662.0	
2502	10670	10671.0	10672.0
2503	10674	10675.0	
2504	10677	10678.0	10679.0
2506	10688	10689.0	
2508	10694	10695.0	10696.0
2513	10719	10720.0	
2516	10733	10734.0	
2520	10749		
2521	10751	10752.0	
2522	10754	10755.0	
2523	10757	10758.0	
2524	10760		
2525	10762		
2527	10769	10770.0	10771.0
2528	10773		
2529	10775	10776.0	
2530	10778	10779.0	10780.0
2531	10782	10783.0	
2532	10785		
2537	10802	10803.0	10804.0
2539	10811	10812.0	
2540	10814	10815.0	
2541	10817	10818.0	10819.0
2542	10821		
2547	10846	10847.0	
2548	10849	10850.0	
2549	10852	10853.0	10854.0
2551	10860	10861.0	
2553	10866	10867.0	
2554	10869	10870.0	10871.0
2557	10876	10877.0	10878.0
2559	10885	10886.0	10887.0
2561	10894	10895.0	
2562	10897	10898.0	10899.0
2564	10901		
2567	10913	10914.0	
2568	10916	10917.0	
2570	10924		
2571	10926	10927.0	10928.0
2573	10937	10938.0	10939.0
2574	10941		
2575	10943	10944.0	10945.0
2576	10947	10948.0	
2577	10950	10951.0	10952.0
2579	10963	10964.0	
2581	10970	10971.0	10972.0
2582	10974	10975.0	
2587	11001	11002.0	11003.0
2588	11005	11006.0	11007.0
2589	11009	11010.0	11011.0
2590	11013		
2593	11018	11019.0	
2595	11028		
2599	11046	11047.0	11048.0
2602	11057	11058.0	
2603	11060	11061.0	11062.0
2604	11064		
2605	11066		
2606	11068		
2607	11070		
2608	11072	11073.0	11074.0
2609	11076	11077.0	11078.0
2610	11080	11081.0	
2611	11083	11084.0	11085.0
2612	11087	11088.0	
2613	11090	11091.0	11092.0
2617	11110	11111.0	
2619	11116	11117.0	
2620	11119		
2621	11121	11122.0	
2622	11124		
2628	11154	11155.0	
2629	11157	11158.0	11159.0
2630	11161		
2631	11163	11164.0	
2632	11166	11167.0	11168.0
2634	11175	11176.0	11177.0
2635	11179		
2636	11181	11182.0	
2642	11210	11211.0	11212.0
2643	11214	11215.0	11216.0
2644	11218		
2645	11220	11221.0	
2646	11223	11224.0	
2648	11232		
2650	11239		
2651	11241		
2655	11260	11261.0	11262.0
2656	11264		
2657	11266	11267.0	
2660	11276	11277.0	11278.0
2661	11280	11281.0	11282.0
2663	11284	11285.0	
2667	11306	11307.0	
2668	11309	11310.0	
2669	11312		
2671	11319	11320.0	11321.0
2672	11323	11324.0	
2678	11349		
2683	11359		
2684	11361	11362.0	
2686	11366	11367.0	11368.0
2687	11370		
2689	11372		
2690	11374	11375.0	
2691	11377	11378.0	11379.0
2692	11381		
2693	11383		
2695	11391	11392.0	11393.0
2696	11395	11396.0	11397.0
2699	11404	11405.0	11406.0
2701	11411	11412.0	
2703	11416		
2706	11433	11434.0	
2707	11436		
2708	11438	11439.0	11440.0
2709	11442	11443.0	
2710	11445	11446.0	11447.0
2711	11449		
2713	11454	11455.0	
2717	11473	11474.0	11475.0
2719	11482	11483.0	
2720	11485	11486.0	11487.0
2721	11489	11490.0	11491.0
2723	11498		
2724	11500	11501.0	
2725	11503		
2726	11505	11506.0	
2727	11508	11509.0	
2730	11519	11520.0	11521.0
2736	11545	11546.0	11547.0
2738	11552		
2739	11554	11555.0	
2741	11564	11565.0	
2743	11577	11578.0	
2744	11580	11581.0	11582.0
2745	11584		
2746	11586	11587.0	
2747	11589	11590.0	
2748	11592	11593.0	
2749	11595		
2750	11597	11598.0	
2751	11600		
2753	11607	11608.0	11609.0
2754	11611	11612.0	
2755	11614	11615.0	11616.0
2757	11623		
2758	11625		
2759	11627	11628.0	
2761	11633	11634.0	11635.0
2763	11643	11644.0	
2764	11646		
2765	11648		
2766	11650	11651.0	
2767	11653	11654.0	
2770	11665	11666.0	
2772	11674	11675.0	
2773	11677		
2774	11679		
2778	11691	11692.0	
2780	11699	11700.0	
2782	11707	11708.0	
2783	11710	11711.0	
2785	11719	11720.0	11721.0
2786	11723	11724.0	
2787	11726	11727.0	11728.0
2791	11747	11748.0	11749.0
2792	11751	11752.0	
2793	11754		
2794	11756	11757.0	
2796	11764	11765.0	11766.0
2798	11773		
2799	11775	11776.0	11777.0
2800	11779		
2805	11798	11799.0	
2806	11801	11802.0	11803.0
2811	11822	11823.0	11824.0
2816	11842	11843.0	11844.0
2817	11846		
2819	11852	11853.0	
2820	11855	11856.0	11857.0
2824	11871		
2827	11879		
2830	11893	11894.0	11895.0
2831	11897	11898.0	11899.0
2833	11904	11905.0	
2835	11907		
2836	11909	11910.0	
2838	11914	11915.0	
2839	11917		
2841	11926	11927.0	11928.0
2842	11930	11931.0	
2843	11933	11934.0	
2847	11948	11949.0	
2848	11951	11952.0	
2849	11954	11955.0	
2852	11961		
2853	11963	11964.0	11965.0
2857	11984	11985.0	
2858	11987	11988.0	11989.0
2859	11991		
2862	11999	12000.0	12001.0
2865	12013	12014.0	12015.0
2866	12017		
2867	12019		
2868	12021	12022.0	
2869	12024		
2872	12033	12034.0	
2874	12041		
2875	12043	12044.0	12045.0
2878	12059	12060.0	
2881	12071	12072.0	
2882	12074	12075.0	
2883	12077	12078.0	12079.0
2885	12086		
2887	12091	12092.0	12093.0
2889	12098	12099.0	12100.0
2890	12102	12103.0	12104.0
2891	12106		
2892	12108	12109.0	
2894	12115	12116.0	
2895	12118	12119.0	12120.0
2896	12122	12123.0	
2897	12125	12126.0	
2898	12128	12129.0	12130.0
2899	12132		
2902	12143		
2903	12145	12146.0	
2907	12155	12156.0	
2908	12158		
2909	12160		
2910	12162	12163.0	12164.0
2911	12166	12167.0	
2915	12185	12186.0	12187.0
2916	12189		
2919	12199	12200.0	12201.0
2923	12212	12213.0	12214.0
2925	12221		
2926	12223	12224.0	12225.0
2930	12238	12239.0	12240.0
2931	12242		
2932	12244	12245.0	12246.0
2934	12252	12253.0	12254.0
2935	12256	12257.0	
2936	12259		
2939	12266	12267.0	12268.0
2941	12270	12271.0	
2944	12279	12280.0	12281.0
2945	12283	12284.0	
2946	12286	12287.0	
2947	12289	12290.0	12291.0
2948	12293	12294.0	
2952	12308	12309.0	
2953	12311	12312.0	
2957	12321	12322.0	12323.0
2958	12325		
2959	12327	12328.0	12329.0
2960	12331	12332.0	12333.0
2961	12335		
2963	12344	12345.0	
2964	12347	12348.0	
2966	12353		
2968	12357	12358.0	12359.0
2969	12361		
2970	12363	12364.0	
2971	12366	12367.0	12368.0
2973	12376		
2976	12383		
2977	12385	12386.0	12387.0
2979	12393	12394.0	12395.0
2980	12397		
2981	12399		
2983	12407	12408.0	
2985	12413	12414.0	
2986	12416		
2987	12418	12419.0	
2989	12428	12429.0	
2991	12431		
2992	12433	12434.0	
2994	12442		
2995	12444	12445.0	12446.0
2996	12448	12449.0	
2999	12451	12452.0	12453.0
3001	12455	12456.0	12457.0
3002	12459	12460.0	
3003	12462	12463.0	12464.0
3004	12466	12467.0	12468.0
3006	12470		
3008	12472	12473.0	12474.0
3009	12476		
3011	12480		
3012	12482		
3013	12484	12485.0	12486.0
3014	12488	12489.0	
3016	12496		
3018	12500		
3020	12502		
3022	12509	12510.0	
3024	12519	12520.0	12521.0
3025	12523	12524.0	12525.0
3028	12536	12537.0	
3030	12539		
3032	12541		
3033	12543	12544.0	12545.0
3034	12547	12548.0	12549.0
3035	12551		
3037	12553		
3038	12555	12556.0	
3041	12573	12574.0	
3045	12589	12590.0	
3047	12592	12593.0	12594.0
3048	12596		
3049	12598		
3050	12600	12601.0	12602.0
3052	12604	12605.0	
3053	12607	12608.0	
3054	12610	12611.0	
3055	12613		
3056	12615	12616.0	
3058	12622		
3059	12624	12625.0	
3064	12640	12641.0	12642.0
3065	12644		
3066	12646	12647.0	
3067	12649	12650.0	
3068	12652	12653.0	
3069	12655	12656.0	
3072	12666	12667.0	
3073	12669	12670.0	
3074	12672		
3075	12674	12675.0	
3077	12680		
3079	12682	12683.0	
3080	12685		
3081	12687	12688.0	12689.0
3082	12691	12692.0	12693.0
3085	12705	12706.0	
3087	12713		
3088	12715	12716.0	
3090	12723	12724.0	
3094	12737	12738.0	12739.0
3095	12741	12742.0	12743.0
3098	12755		
3099	12757		
3102	12769	12770.0	12771.0
3103	12773		
3104	12775	12776.0	12777.0
3105	12779	12780.0	
3106	12782	12783.0	12784.0
3108	12791	12792.0	12793.0
3109	12795		
3111	12800		
3112	12802		
3116	12810		
3120	12830	12831.0	12832.0
3121	12834	12835.0	
3122	12837	12838.0	12839.0
3123	12841	12842.0	12843.0
3125	12847	12848.0	12849.0
3127	12853	12854.0	
3131	12870	12871.0	12872.0
3135	12877	12878.0	
3137	12880	12881.0	12882.0
3138	12884	12885.0	12886.0
3139	12888		
3140	12890		
3142	12895	12896.0	12897.0
3143	12899	12900.0	
3144	12902		
3146	12908		
3149	12914	12915.0	
3151	12924		
3152	12926		
3153	12928		
3155	12935	12936.0	
3157	12940		
3160	12945		
3161	12947	12948.0	12949.0
3163	12951	12952.0	
3168	12972	12973.0	
3169	12975	12976.0	12977.0
3171	12979		
3172	12981	12982.0	
3173	12984	12985.0	12986.0
3174	12988	12989.0	12990.0
3175	12992	12993.0	
3177	13000	13001.0	
3178	13003	13004.0	
3179	13006	13007.0	13008.0
3180	13010	13011.0	13012.0
3181	13014	13015.0	13016.0
3182	13018	13019.0	
3184	13026	13027.0	
3190	13048	13049.0	
3191	13051	13052.0	
3192	13054	13055.0	13056.0
3193	13058		
3198	13075		
3199	13077		
3201	13079	13080.0	13081.0
3202	13083	13084.0	13085.0
3204	13087	13088.0	13089.0
3206	13093		
3207	13095	13096.0	
3208	13098	13099.0	
3210	13101		
3212	13103	13104.0	
3213	13106		
3215	13113		
3216	13115		
3217	13117	13118.0	
3218	13120	13121.0	13122.0
3219	13124	13125.0	
3222	13130	13131.0	13132.0
3227	13142	13143.0	13144.0
3228	13146		
3229	13148		
3230	13150	13151.0	13152.0
3232	13158		
3235	13162	13163.0	
3238	13165	13166.0	
3239	13168	13169.0	
3240	13171	13172.0	13173.0
3241	13175		
3242	13177		
3244	13179	13180.0	
3245	13182		
3246	13184	13185.0	
3248	13191	13192.0	
3249	13194		
3250	13196	13197.0	13198.0
3256	13219		
3257	13221		
3259	13223	13224.0	13225.0
3261	13227	13228.0	13229.0
3262	13231		
3265	13244	13245.0	
3266	13247	13248.0	
3267	13250		
3269	13254	13255.0	
3270	13257		
3273	13267	13268.0	13269.0
3274	13271	13272.0	13273.0
3275	13275	13276.0	
3276	13278	13279.0	13280.0
3278	13286	13287.0	
3279	13289	13290.0	
3281	13297		
3282	13299	13300.0	13301.0
3284	13306	13307.0	13308.0
3285	13310	13311.0	13312.0
3289	13322	13323.0	13324.0
3290	13326	13327.0	
3291	13329		
3292	13331		
3293	13333		
3294	13335	13336.0	13337.0
3295	13339		
3297	13343		
3299	13350		
3300	13352	13353.0	
3302	13355		
3303	13357		
3304	13359	13360.0	13361.0
3305	13363		
3306	13365	13366.0	
3307	13368	13369.0	
3309	13376	13377.0	13378.0
3310	13380	13381.0	
3311	13383	13384.0	13385.0
3314	13391		
3317	13401	13402.0	
3318	13404	13405.0	13406.0
3321	13415	13416.0	13417.0
3322	13419	13420.0	13421.0
3324	13428	13429.0	
3325	13431		
3328	13442	13443.0	13444.0
3330	13446	13447.0	13448.0
3333	13455	13456.0	13457.0
3334	13459		
3335	13461	13462.0	
3337	13464	13465.0	13466.0
3339	13468	13469.0	13470.0
3340	13472		
3341	13474	13475.0	
3343	13484	13485.0	
3344	13487	13488.0	
3345	13490	13491.0	
3348	13501	13502.0	
3350	13504	13505.0	13506.0
3351	13508		
3352	13510	13511.0	13512.0
3353	13514	13515.0	13516.0
3360	13542		
3361	13544	13545.0	13546.0
3364	13555	13556.0	13557.0
3365	13559		
3366	13561	13562.0	13563.0
3367	13565		
3369	13567	13568.0	
3372	13577	13578.0	
3373	13580		
3375	13582	13583.0	
3377	13587	13588.0	
3379	13590		
3380	13592		
3383	13598		
3385	13600	13601.0	13602.0
3386	13604	13605.0	13606.0
3387	13608	13609.0	13610.0
3389	13612	13613.0	
3390	13615		
3393	13619		
3394	13621	13622.0	13623.0
3395	13625	13626.0	
3396	13628		
3397	13630	13631.0	
3398	13633	13634.0	
3399	13636		
3400	13638		
3402	13643		
3404	13650	13651.0	
3405	13653		
3407	13660		
3408	13662	13663.0	13664.0
3409	13666	13667.0	13668.0
3411	13673	13674.0	
3413	13679	13680.0	
3414	13682	13683.0	
3415	13685	13686.0	13687.0
3418	13701	13702.0	
3419	13704	13705.0	13706.0
3422	13708	13709.0	
3423	13711	13712.0	13713.0
3424	13715		
3425	13717	13718.0	
3428	13722	13723.0	
3430	13730	13731.0	
3432	13733	13734.0	13735.0
3433	13737	13738.0	
3434	13740	13741.0	
3436	13743		
3439	13750		
3440	13752	13753.0	13754.0
3441	13756	13757.0	
3442	13759	13760.0	
3443	13762	13763.0	
3444	13765		
3446	13771		
3447	13773	13774.0	13775.0
3449	13777		
3453	13787	13788.0	
3454	13790	13791.0	13792.0
3455	13794		
3456	13796	13797.0	13798.0
3459	13805		
3464	13814		
3465	13816		
3466	13818	13819.0	
3467	13821	13822.0	
3468	13824	13825.0	13826.0
3469	13828	13829.0	13830.0
3471	13837		
3472	13839	13840.0	
3473	13842	13843.0	
3478	13853	13854.0	
3479	13856		
3480	13858	13859.0	
3482	13861	13862.0	13863.0
3483	13865		
3484	13867	13868.0	13869.0
3486	13877		
3488	13879		
3490	13883		
3491	13885		
3492	13887		
3493	13889	13890.0	13891.0
3498	13900		
3501	13904	13905.0	
3505	13911	13912.0	
3506	13914		
3508	13921		
3510	13923		
3512	13931		
3514	13935		
3517	13939		
3520	13948		
3521	13950	13951.0	
3523	13956	13957.0	13958.0
3524	13960		
3525	13962		
3526	13964	13965.0	13966.0
3527	13968		
3529	13970		
3530	13972	13973.0	
3531	13975		
3533	13977	13978.0	
3534	13980	13981.0	13982.0
3535	13984	13985.0	13986.0
3538	13998		
3539	14000		
3540	14002	14003.0	
3541	14005		
3542	14007	14008.0	
3544	14010	14011.0	
3545	14013		
3546	14015	14016.0	
3547	14018		
3550	14027	14028.0	14029.0
3551	14031	14032.0	
3552	14034	14035.0	
3553	14037	14038.0	
3554	14040		
3556	14042		
3557	14044		
3558	14046		
3559	14048	14049.0	14050.0
3560	14052	14053.0	
3561	14055		
3562	14057	14058.0	
3563	14060		
3566	14072	14073.0	
3570	14084		
3571	14086		
3573	14088	14089.0	14090.0
3574	14092		
3576	14094		
3577	14096		
3578	14098		
3579	14100		
3581	14102	14103.0	
3582	14105		
3585	14111	14112.0	14113.0
3586	14115		
3587	14117		
3589	14124	14125.0	
3591	14132		
3593	14143		
3594	14145		
3597	14150	14151.0	
3599	14156	14157.0	
3601	14164	14165.0	14166.0
3602	14168		
3604	14173	14174.0	
3605	14176	14177.0	
3607	14179	14180.0	
3609	14184	14185.0	
3611	14187		
3613	14189	14190.0	
3617	14192		
3618	14194	14195.0	
3619	14197	14198.0	
3620	14200	14201.0	
3621	14203	14204.0	
3626	14213		
3627	14215	14216.0	14217.0
3629	14221	14222.0	
3630	14224		
3632	14226	14227.0	
3633	14229		
3634	14231	14232.0	
3635	14234		
3636	14236	14237.0	14238.0
3638	14245	14246.0	
3639	14248	14249.0	14250.0
3640	14252	14253.0	
3641	14255	14256.0	14257.0
3644	14259		
3645	14261		
3647	14263	14264.0	
3650	14268	14269.0	14270.0
3652	14272		
3654	14276	14277.0	14278.0
3656	14285	14286.0	
3657	14288	14289.0	14290.0
3660	14292	14293.0	
3662	14295	14296.0	14297.0
3664	14301		
3666	14303		
3667	14305	14306.0	14307.0
3669	14309	14310.0	
3671	14316		
3672	14318	14319.0	
3673	14321		
3675	14323	14324.0	
3676	14326		
3677	14328		
3682	14335		
3683	14337	14338.0	
3685	14340	14341.0	14342.0
3688	14350		
3689	14352		
3691	14357	14358.0	14359.0
3692	14361		
3694	14363	14364.0	
3695	14366		
3697	14368		
3699	14374	14375.0	
3701	14380	14381.0	14382.0
3702	14384		
3703	14386		
3706	14388	14389.0	14390.0
3707	14392		
3708	14394	14395.0	
3710	14397		
3714	14403		
3720	14411	14412.0	
3721	14414	14415.0	
3722	14417		
3723	14419		
3725	14421		
3726	14423		
3727	14425	14426.0	
3728	14428	14429.0	
3729	14431		
3732	14436		
3739	14444		
3742	14446	14447.0	
3745	14449		
3746	14451		
3747	14453	14454.0	14455.0
3749	14457		
3750	14459	14460.0	14461.0
3751	14463		
3752	14465	14466.0	
3753	14468	14469.0	
3754	14471		
3757	14473		
3760	14475		
3763	14477		
3765	14479	14480.0	
3767	14485	14486.0	14487.0
3768	14489		
3770	14493		
3774	14497		
3777	14499		
3778	14501		
3780	14503		
3783	14507	14508.0	
3784	14510		
3785	14512		
3788	14516	14517.0	
3789	14519	14520.0	
3793	14522		
3795	14524		
3796	14526		
3798	14531		
3805	14539		
3806	14541		
3810	14543	14544.0	
3811	14546		
3812	14548		
3813	14550	14551.0	
3819	14555		
3822	14557		
3823	14559		
3824	14561		
3839	14565		
3846	14567		
3847	14569	14570.0	
3848	14572	14573.0	
3849	14575	14576.0	
3855	14580		
3858	14582		
3860	14584		
3861	14586		
3864	14591		
3867	14593		
3868	14595		
3875	14599		
3878	14601		
3880	14603		
3884	14607		
