1000	0 1 2 3
1001	5 6 7 8
1002	10 11 12
1003	14 15 16
1004	18 19 20 21 22 23 24
1005	26
1006	28 29 30
1008	32
1009	34 35 36
1010	38 39 40 41
1011	43 44
1012	46 47 48
1013	50 51 52 53 54 55 56
1014	58 59 60
1015	62 63
1016	65 66 67
1017	69 70 71 72
1018	74 75 76
1019	78
1020	79 80
1021	82 83
1022	85 86
1023	88 89 90 91 92
1024	94
1025	95 96
1026	98 99 100 101
1027	103 104 105
1028	107 108 109 110
1029	112
1031	113 114
1032	116 117 118 119
1033	121 122 123 124
1034	126 127
1035	129 130 131 132
1036	134
1037	135 136
1038	138 139 140 141 142
1039	144
1040	145 146 147
1041	149 150 151
1042	153 154
1043	156 157
1044	159
1045	161 162
1046	164
1047	166 167
1048	169
1049	171 172 173
1050	175 176 177 178 179
1051	181 182 183 184 185
1052	187 188 189 190 191 192 193 194 195
1053	197 198 199 200 201
1054	203 204 205
1055	207
1056	209 210
1057	212 213
1058	215 216 217
1059	219
1061	221 222 223 224
1062	226 227 228 229
1063	231
1064	233 234
1065	236 237 238 239 240
1066	242 243
1067	245 246
1068	248
1069	250 251 252
1070	254
1071	256
1072	257
1073	259 260 261
1074	263 264 265 266
1075	268 269 270
1076	272 273 274
1077	276 277 278 279 280
1078	282
1079	284
1080	286
1081	288 289 290 291
1082	293
1083	295 296
1084	298
1085	299 300
1086	302 303 304 305
1087	307 308 309 310 311 312 313 314
1088	316 317
1089	319
1090	320 321
1092	323 324 325 326
1093	328
1094	329 330 331 332 333 334 335
1095	337 338
1096	340
1097	341 342 343 344 345
1098	347 348 349 350 351 352
1099	354 355
1100	357 358
1101	360 361
1102	363 364 365
1103	367 368 369
1104	371 372 373
1105	375
1107	377 378 379 380 381 382 383
1108	385 386 387
1109	389 390 391 392
1110	394 395 396 397 398 399
1111	401 402 403
1112	405
1113	406 407 408
1114	410 411 412 413 414
1115	416 417 418
1116	420 421 422 423 424 425 426
1117	428
1118	429 430 431 432 433
1119	435
1120	436 437 438 439 440
1121	442
1122	443 444
1123	446 447 448
1124	450
1125	452 453 454 455
1126	457 458
1127	460 461 462
1128	464 465 466
1129	468 469 470 471
1130	473 474 475
1132	477 478
1133	480 481 482 483
1134	485 486
1135	488 489
1136	491 492 493 494 495 496 497 498
1137	500
1138	502 503
1139	505 506 507
1140	509
1141	511 512 513
1142	515 516 517
1143	519 520 521 522
1144	524 525 526 527 528 529
1145	531 532
1146	534 535 536 537 538 539
1147	541 542
1148	544 545 546 547 548
1149	550
1150	552 553 554
1151	556
1152	558 559 560
1153	562 563 564 565 566
1154	568 569
1155	571 572
1156	574
1157	575
1158	577 578 579
1159	581 582
1160	584 585 586 587 588
1161	590
1162	592 593 594 595
1163	597 598
1164	600
1165	602 603 604
1166	606
1167	608
1168	610 611
1169	613 614 615 616 617 618 619 620
1170	622 623 624 625 626 627
1171	629 630 631 632
1173	634 635 636
1174	638 639 640 641
1175	643 644 645 646
1176	648 649 650 651 652
1177	654
1178	655 656 657
1179	659
1180	661
1181	663 664
1182	666 667 668 669 670
1183	672 673
1184	675
1185	677 678 679
1186	681 682 683
1187	685 686
1188	688 689
1189	691
1190	693 694 695 696 697 698 699
1191	701
1192	703
1193	705
1194	707 708
1195	710 711
1196	713 714
1197	716 717 718 719 720
1198	722 723
1199	725 726 727
1200	729 730
1201	732
1202	734 735 736
1204	738 739 740 741 742 743
1205	745 746
1206	748 749
1207	751 752
1208	754 755 756 757
1209	759 760 761
1211	763 764 765 766 767
1212	769 770 771
1213	773 774
1214	776
1215	778 779
1216	781 782 783
1217	785 786
1218	788 789 790 791 792 793
1219	795
1220	797 798 799 800
1221	802
1222	803
1223	805 806 807
1224	809
1225	811 812 813 814 815 816
1226	818
1227	820
1228	821
1229	822 823
1230	825 826 827 828 829
1231	831 832 833 834 835 836
1232	838 839
1233	841 842 843 844 845
1234	847 848 849
1235	851 852 853 854 855 856 857
1236	859
1237	861 862 863 864 865 866
1238	868
1239	869 870 871 872 873 874
1240	876 877
1241	879 880 881
1242	883 884 885 886 887
1243	889
1244	890 891
1245	893 894 895 896 897 898
1246	900 901 902
1247	904
1248	906 907 908 909 910 911 912
1249	914
1250	916
1251	917
1252	918 919
1253	921
1254	923
1255	925
1256	926 927 928 929
1257	931
1258	933
1259	935 936 937 938 939
1260	941
1261	943
1262	945
1263	947
1264	949 950 951 952 953
1265	955 956 957 958 959 960
1266	962
1267	963
1268	964 965 966
1269	968 969 970 971
1270	973 974
1272	976
1273	977
1274	979 980
1275	982 983 984 985 986 987 988 989 990
1276	992 993 994 995
1277	997 998 999 1000
1278	1002 1003 1004
1279	1006 1007 1008 1009 1010
1280	1012 1013 1014
1281	1016 1017
1282	1019 1020 1021 1022
1283	1024 1025 1026 1027 1028 1029
1284	1031
1285	1033 1034 1035 1036
1286	1038 1039 1040 1041 1042 1043
1287	1045 1046 1047 1048
1288	1050
1289	1052 1053 1054
1290	1056 1057
1291	1059 1060 1061
1292	1063
1293	1065 1066 1067
1294	1069 1070 1071 1072
1295	1074 1075
1296	1077 1078 1079 1080 1081
1297	1083 1084 1085
1298	1087 1088
1299	1090 1091
1300	1093
1301	1094 1095
1302	1097 1098 1099
1303	1101 1102 1103 1104
1304	1106 1107
1305	1109 1110
1306	1112 1113
1307	1115 1116 1117 1118
1308	1120 1121 1122
1309	1124 1125 1126 1127
1310	1129
1311	1131 1132
1312	1134 1135 1136 1137 1138
1313	1140
1314	1141
1315	1142 1143
1316	1145 1146
1317	1148 1149
1318	1151
1319	1153 1154
1320	1156 1157 1158
1321	1160
1322	1162 1163 1164
1323	1166 1167
1324	1169 1170 1171 1172
1325	1174 1175
1326	1177 1178
1327	1180 1181 1182 1183 1184 1185 1186
1328	1188 1189
1329	1191 1192 1193 1194
1330	1196 1197 1198
1331	1200 1201 1202
1332	1204 1205 1206 1207
1333	1209 1210 1211 1212 1213
1334	1215
1335	1217 1218 1219
1336	1221 1222
1337	1224
1338	1226
1339	1228 1229 1230 1231
1340	1233 1234 1235 1236 1237
1341	1239 1240 1241
1342	1243 1244 1245 1246
1343	1248 1249 1250
1344	1252
1345	1254 1255
1346	1257 1258
1347	1260 1261 1262
1348	1264
1349	1266 1267 1268
1350	1270
1351	1272
1352	1274
1353	1275 1276 1277 1278 1279
1354	1281 1282 1283 1284
1355	1286 1287 1288 1289
1356	1291 1292 1293
1357	1295 1296
1358	1298 1299 1300
1359	1302
1360	1303 1304 1305 1306
1361	1308 1309 1310 1311 1312 1313
1362	1315
1363	1317 1318 1319 1320
1364	1322 1323 1324
1365	1326 1327 1328 1329 1330
1366	1332 1333 1334 1335 1336
1367	1338
1368	1340
1369	1341 1342
1370	1344 1345
1371	1347 1348
1372	1350 1351
1373	1353 1354
1374	1356 1357 1358
1375	1360
1376	1361 1362
1377	1364 1365
1378	1367
1379	1369 1370 1371 1372 1373 1374 1375 1376 1377 1378
1380	1380 1381 1382 1383
1381	1385 1386 1387 1388
1382	1390 1391
1383	1393 1394
1384	1396 1397 1398 1399 1400 1401
1385	1403 1404 1405 1406
1386	1408 1409
1387	1411
1388	1413 1414
1389	1416 1417
1390	1419 1420
1391	1422 1423 1424 1425 1426
1392	1428 1429
1393	1431 1432
1394	1434
1395	1436 1437 1438 1439 1440 1441 1442
1396	1444
1397	1446
1398	1447
1399	1449 1450 1451
1400	1453
1401	1454
1402	1456
1403	1457 1458 1459
1404	1461 1462 1463 1464
1405	1466
1406	1468
1407	1470 1471 1472 1473 1474
1408	1476 1477
1409	1479 1480
1410	1482 1483 1484 1485 1486 1487 1488 1489 1490
1411	1492
1412	1494 1495 1496
1413	1498 1499
1414	1501
1415	1502
1416	1504 1505 1506 1507 1508
1417	1510 1511 1512 1513
1418	1515 1516
1419	1518 1519 1520 1521
1420	1523 1524 1525
1421	1527 1528 1529
1422	1531 1532 1533 1534 1535 1536
1423	1538
1424	1540 1541
1425	1543 1544 1545
1426	1547 1548 1549 1550
1427	1552 1553 1554 1555 1556
1428	1558 1559 1560 1561
1429	1563
1430	1565 1566 1567 1568 1569
1431	1571 1572 1573
1432	1575 1576 1577
1433	1579
1434	1580 1581
1435	1583 1584 1585 1586
1436	1588
1437	1589
1438	1591 1592 1593 1594 1595
1439	1597
1440	1598 1599 1600 1601 1602
1442	1604 1605 1606 1607 1608
1443	1610 1611 1612
1444	1614 1615 1616 1617 1618
1445	1620 1621
1446	1623 1624
1447	1626
1448	1627
1449	1629 1630 1631
1450	1633 1634 1635 1636 1637
1451	1639
1452	1641 1642 1643 1644 1645
1453	1647
1454	1649 1650 1651
1455	1653
1456	1654 1655 1656 1657 1658
1457	1660 1661 1662 1663 1664
1458	1666 1667
1459	1669
1460	1670 1671
1461	1673 1674
1462	1676
1463	1678 1679
1464	1681
1465	1683 1684 1685 1686 1687 1688
1466	1690 1691 1692 1693 1694 1695 1696 1697
1467	1699
1468	1701 1702 1703 1704 1705
1469	1707
1470	1708
1471	1709
1472	1711 1712 1713 1714 1715
1473	1717 1718 1719
1474	1721 1722 1723 1724
1475	1726 1727 1728
1476	1730 1731 1732 1733 1734
1477	1736 1737 1738 1739 1740
1478	1742 1743 1744
1479	1746 1747 1748
1480	1750 1751 1752 1753 1754
1481	1756
1482	1758 1759 1760 1761 1762
1483	1764 1765 1766 1767 1768 1769 1770
1484	1772 1773
1485	1775
1486	1777 1778 1779 1780 1781
1487	1783
1488	1785 1786 1787
1489	1789 1790 1791 1792
1490	1794
1491	1796 1797 1798 1799
1492	1801 1802 1803 1804
1493	1806 1807 1808 1809 1810
1494	1812 1813 1814 1815 1816
1495	1818 1819
1496	1821
1497	1822 1823 1824
1498	1826 1827 1828
1499	1830 1831 1832 1833
1500	1835 1836 1837 1838 1839
1501	1841 1842 1843
1502	1845
1503	1847 1848
1504	1850 1851 1852 1853
1505	1855
1506	1857
1507	1859 1860 1861 1862
1508	1864 1865 1866
1509	1868 1869 1870 1871 1872
1510	1874 1875 1876 1877 1878 1879
1511	1881
1512	1883 1884 1885
1513	1887 1888
1514	1890 1891 1892 1893
1515	1895 1896 1897 1898 1899
1516	1901
1517	1903 1904 1905
1518	1907 1908
1519	1910
1520	1911 1912
1521	1914
1522	1916 1917 1918 1919 1920 1921
1523	1923 1924
1524	1926 1927 1928
1525	1930
1526	1932 1933 1934 1935
1527	1937 1938 1939 1940
1528	1942 1943 1944
1529	1946 1947
1530	1949
1531	1951
1532	1953
1533	1955 1956
1534	1958 1959 1960
1535	1962 1963 1964
1536	1966 1967
1537	1969
1538	1971 1972
1539	1974
1540	1976 1977 1978
1542	1980 1981 1982 1983 1984
1544	1986 1987 1988
1545	1990 1991
1546	1993 1994
1547	1996 1997
1548	1999 2000
1549	2002 2003
1550	2005 2006
1551	2008 2009 2010 2011 2012
1552	2014
1553	2015 2016 2017 2018 2019
1554	2021 2022 2023 2024
1555	2026
1556	2027
1557	2028
1558	2030
1559	2031
1560	2033
1561	2034 2035 2036 2037 2038 2039
1562	2041 2042
1563	2044
1564	2046 2047 2048
1565	2050 2051 2052 2053 2054
1566	2056 2057 2058 2059 2060 2061 2062 2063
1567	2065 2066 2067
1568	2069
1569	2071 2072
1570	2074
1571	2076
1572	2078 2079 2080 2081 2082 2083
1573	2085 2086
1574	2088 2089 2090 2091 2092 2093 2094 2095 2096
1575	2098 2099 2100 2101
1577	2103
1578	2104 2105 2106
1579	2108
1580	2109 2110 2111 2112 2113 2114
1581	2116 2117
1582	2119 2120
1583	2122 2123 2124 2125 2126
1584	2128 2129 2130 2131
1585	2133 2134 2135
1586	2137
1587	2139 2140 2141 2142
1588	2144 2145
1589	2147
1590	2149 2150
1591	2152 2153 2154
1592	2156
1593	2157 2158
1594	2160 2161
1595	2163 2164 2165 2166 2167 2168
1596	2170 2171 2172
1597	2174 2175 2176
1598	2178 2179
1599	2181 2182 2183 2184
1601	2186 2187
1602	2189 2190 2191 2192 2193 2194
1603	2196 2197 2198 2199
1604	2201 2202 2203
1605	2205 2206 2207 2208
1606	2210 2211 2212
1607	2214
1608	2216 2217 2218 2219 2220
1609	2222 2223 2224 2225 2226
1610	2228
1611	2230 2231
1612	2233 2234 2235 2236 2237
1613	2239 2240 2241 2242 2243 2244
1614	2246
1615	2248 2249 2250
1616	2252 2253 2254 2255 2256
1617	2258 2259 2260
1618	2262 2263 2264 2265 2266 2267
1619	2269 2270 2271
1620	2273 2274 2275 2276
1621	2278 2279 2280 2281
1622	2283 2284 2285
1623	2287 2288 2289 2290
1624	2292 2293
1625	2295 2296 2297 2298 2299 2300
1626	2302
1627	2303 2304
1628	2306 2307 2308 2309 2310
1629	2312 2313
1630	2315
1631	2317
1632	2319 2320 2321 2322 2323
1633	2325
1634	2327 2328 2329 2330 2331
1635	2333 2334
1636	2336 2337 2338 2339 2340
1638	2342
1639	2344 2345
1640	2347
1641	2349 2350 2351 2352
1642	2354
1643	2355
1644	2357
1645	2359
1646	2361 2362 2363 2364 2365 2366
1647	2368 2369
1648	2371 2372 2373
1649	2375 2376 2377 2378 2379 2380
1650	2382
1651	2384 2385 2386 2387 2388 2389
1652	2391 2392 2393 2394
1653	2396 2397 2398 2399 2400
1654	2402 2403 2404 2405 2406 2407 2408 2409
1655	2411 2412 2413
1656	2415 2416 2417
1657	2419 2420
1658	2422 2423 2424 2425
1659	2427 2428 2429 2430 2431 2432
1660	2434 2435
1661	2437 2438 2439 2440 2441
1662	2443
1663	2445 2446 2447
1664	2449 2450
1665	2452 2453
1666	2455
1667	2457
1668	2458 2459 2460
1669	2462
1670	2463 2464
1672	2466 2467
1673	2469
1674	2470 2471 2472
1676	2474 2475 2476
1677	2478 2479 2480 2481
1678	2483 2484 2485
1679	2487 2488 2489
1680	2491 2492
1681	2494
1682	2496 2497 2498 2499 2500 2501
1683	2503
1684	2505 2506
1685	2508 2509 2510
1686	2512 2513
1687	2515 2516 2517 2518
1688	2520
1689	2521
1690	2523 2524 2525 2526 2527
1692	2529 2530 2531 2532 2533
1693	2535 2536 2537
1694	2539
1695	2541
1696	2542 2543 2544 2545 2546
1697	2548 2549 2550 2551 2552
1698	2554 2555
1699	2557 2558 2559
1700	2561
1701	2563
1702	2564 2565 2566 2567
1703	2569 2570
1705	2572 2573 2574
1706	2576 2577 2578
1707	2580
1708	2582 2583 2584
1709	2586
1710	2588 2589
1711	2591 2592 2593 2594 2595 2596 2597
1712	2599
1714	2601
1715	2603 2604 2605 2606 2607
1716	2609 2610
1717	2612 2613
1718	2615 2616
1719	2618 2619 2620 2621
1720	2623
1721	2625
1722	2627 2628 2629 2630 2631
1723	2633 2634 2635
1724	2637 2638 2639
1725	2641 2642
1726	2644 2645 2646 2647
1727	2649
1728	2651 2652
1729	2654 2655 2656 2657 2658
1730	2660 2661 2662
1731	2664 2665 2666 2667 2668
1732	2670 2671
1733	2673 2674 2675
1734	2677 2678 2679 2680 2681
1735	2683
1736	2685 2686 2687 2688
1737	2690 2691 2692 2693 2694
1738	2696 2697 2698
1739	2700
1740	2702 2703 2704 2705 2706 2707
1741	2709 2710 2711 2712 2713
1742	2715 2716 2717
1743	2719 2720 2721
1744	2723
1745	2725
1746	2726 2727 2728 2729
1747	2731 2732 2733 2734
1748	2736 2737 2738 2739
1749	2741 2742
1750	2744 2745 2746 2747
1751	2749 2750 2751
1752	2753 2754 2755 2756
1753	2758 2759 2760 2761 2762 2763
1754	2765 2766 2767 2768
1755	2770
1756	2772 2773 2774
1757	2776 2777 2778
1758	2780 2781
1759	2783 2784
1760	2786 2787
1761	2789 2790 2791 2792 2793 2794
1762	2796
1763	2798 2799
1764	2801 2802 2803 2804
1765	2806 2807
1766	2809
1767	2811 2812 2813 2814 2815
1768	2817 2818 2819 2820 2821 2822
1769	2824
1770	2826 2827 2828 2829
1771	2831 2832
1772	2834 2835 2836
1773	2838 2839 2840
1774	2842 2843 2844 2845
1775	2847
1776	2848 2849 2850 2851 2852
1777	2854 2855 2856 2857 2858 2859
1778	2861 2862
1779	2864 2865
1780	2867 2868 2869 2870
1781	2872 2873
1782	2875 2876 2877 2878 2879
1783	2881 2882 2883 2884 2885
1784	2887 2888
1785	2890 2891 2892 2893 2894 2895
1786	2897 2898
1787	2900 2901
1788	2903 2904 2905 2906 2907 2908
1789	2910 2911 2912 2913
1790	2915
1791	2917 2918
1792	2920 2921
1793	2923 2924 2925 2926 2927 2928 2929 2930 2931
1794	2933
1795	2935
1796	2937 2938 2939 2940 2941
1797	2943 2944 2945 2946
1798	2948 2949 2950 2951 2952 2953 2954
1799	2956 2957 2958
1800	2960 2961 2962
1801	2964 2965 2966 2967
1803	2969 2970 2971
1804	2973 2974
1805	2976 2977
1806	2979
1807	2981 2982
1808	2984 2985 2986
1809	2988
1810	2990 2991 2992
1811	2994 2995 2996 2997 2998 2999
1812	3001
1813	3002
1814	3003 3004 3005 3006 3007
1815	3009 3010 3011 3012
1816	3014 3015 3016
1817	3018 3019 3020 3021
1818	3023 3024 3025
1819	3027 3028 3029 3030
1820	3032 3033 3034 3035
1821	3037 3038
1822	3040 3041 3042
1823	3044 3045
1824	3047 3048 3049
1825	3051 3052 3053
1826	3055
1827	3056 3057 3058 3059 3060 3061 3062 3063
1828	3065 3066
1829	3068 3069 3070
1830	3072
1831	3074 3075
1832	3077 3078 3079 3080 3081
1833	3083 3084 3085
1834	3087 3088
1835	3090 3091 3092
1836	3094 3095
1837	3097 3098 3099
1838	3101 3102 3103
1839	3105 3106 3107 3108
1840	3110
1841	3112
1842	3114 3115
1843	3117 3118 3119
1844	3121 3122 3123 3124 3125
1845	3127 3128
1846	3130 3131 3132 3133
1847	3135 3136 3137
1848	3139 3140 3141
1849	3143 3144
1850	3146 3147 3148
1851	3150 3151 3152
1852	3154 3155 3156
1853	3158 3159 3160
1854	3162 3163
1855	3165 3166 3167
1856	3169 3170 3171
1857	3173
1858	3175
1859	3177 3178 3179 3180
1860	3182
1861	3184
1862	3186 3187 3188 3189
1863	3191 3192 3193
1864	3195 3196 3197
1865	3199 3200 3201 3202 3203
1866	3205 3206 3207 3208 3209 3210
1867	3212 3213 3214
1868	3216 3217
1869	3219 3220 3221
1870	3223 3224 3225 3226 3227 3228 3229
1871	3231
1872	3232 3233
1873	3235 3236
1874	3238 3239 3240
1875	3242
1876	3244
1877	3245 3246 3247
1878	3249 3250 3251 3252 3253 3254 3255 3256
1879	3258 3259 3260
1880	3262
1881	3264 3265 3266 3267
1882	3269 3270
1883	3272 3273 3274 3275
1884	3277
1885	3279 3280 3281
1886	3283
1887	3285 3286 3287 3288 3289 3290
1888	3292 3293 3294 3295 3296
1889	3298 3299 3300 3301 3302 3303 3304
1890	3306 3307 3308
1891	3310
1892	3312 3313 3314 3315 3316
1893	3318 3319 3320
1894	3322 3323 3324
1895	3326 3327 3328 3329 3330
1896	3332 3333 3334
1897	3336 3337 3338
1898	3340
1899	3341 3342 3343 3344
1900	3346 3347 3348
1901	3350 3351
1902	3353 3354
1903	3356 3357 3358
1904	3360 3361
1905	3363 3364 3365 3366 3367 3368 3369 3370
1907	3372
1908	3374 3375 3376 3377 3378 3379 3380 3381 3382
1909	3384
1910	3386 3387 3388 3389
1911	3391
1912	3393 3394
1913	3396 3397 3398 3399
1914	3401 3402
1915	3404
1916	3406 3407
1917	3409 3410 3411 3412
1918	3414
1919	3416
1920	3418
1921	3420 3421 3422 3423 3424 3425
1922	3427 3428 3429 3430 3431 3432 3433 3434
1923	3436 3437 3438 3439 3440
1924	3442 3443 3444 3445 3446
1925	3448
1926	3449 3450
1927	3452
1928	3454 3455
1929	3457 3458 3459 3460 3461 3462
1930	3464 3465 3466 3467 3468
1931	3470 3471 3472 3473 3474
1932	3476 3477 3478 3479 3480 3481 3482 3483
1933	3485
1934	3486 3487 3488 3489
1935	3491 3492 3493
1936	3495
1937	3497 3498 3499 3500
1938	3502 3503 3504
1939	3506 3507 3508 3509
1940	3511 3512 3513 3514
1941	3516
1942	3518
1943	3520 3521 3522 3523
1944	3525
1945	3527 3528 3529 3530
1946	3532 3533 3534 3535 3536
1947	3538 3539
1948	3541 3542 3543 3544 3545
1949	3547 3548 3549 3550 3551
1950	3553 3554 3555 3556
1951	3558 3559
1952	3561
1953	3563
1954	3564 3565
1955	3567 3568 3569
1956	3571
1957	3572
1958	3574
1959	3576 3577 3578 3579 3580 3581
1960	3583
1961	3584 3585 3586 3587 3588
1962	3590 3591
1963	3593
1964	3594 3595 3596
1965	3598
1966	3600 3601 3602 3603 3604 3605
1967	3607 3608 3609 3610 3611
1968	3613 3614 3615
1969	3617 3618 3619 3620
1970	3622 3623 3624
1971	3626 3627
1972	3629
1973	3631
1974	3632
1975	3633
1976	3635
1977	3636
1978	3637 3638
1979	3640 3641 3642 3643 3644 3645 3646
1980	3648 3649 3650 3651
1981	3653
1982	3655 3656
1983	3658 3659 3660 3661 3662 3663
1985	3665 3666
1987	3668 3669
1988	3671
1989	3673
1990	3674 3675
1991	3677 3678 3679 3680 3681 3682 3683 3684
1992	3686 3687
1993	3689 3690
1994	3692 3693
1995	3695 3696 3697 3698
1996	3700 3701 3702
1997	3704 3705 3706 3707 3708
1998	3710 3711 3712 3713 3714 3715 3716 3717
1999	3719 3720 3721
2000	3723
2001	3725 3726 3727 3728 3729 3730
2002	3732
2003	3733
2004	3735 3736 3737 3738
2005	3740 3741 3742
2006	3744
2007	3746
2008	3748 3749
2009	3751 3752
2010	3754 3755 3756
2011	3758 3759 3760 3761 3762 3763 3764
2012	3766
2013	3768 3769
2014	3771 3772 3773 3774 3775 3776 3777
2015	3779
2016	3781
2017	3783 3784 3785 3786 3787 3788
2018	3790 3791 3792 3793
2019	3795 3796 3797 3798 3799 3800
2020	3802 3803
2021	3805
2022	3806 3807 3808 3809 3810
2023	3812 3813
2024	3815
2025	3817 3818
2026	3820
2027	3822
2028	3824 3825 3826 3827 3828
2029	3830 3831 3832 3833
2030	3835 3836
2031	3838 3839 3840
2032	3842
2033	3844 3845 3846
2034	3848 3849
2035	3851 3852
2036	3854 3855
2037	3857 3858
2038	3860 3861 3862 3863
2039	3865
2040	3867 3868 3869 3870 3871
2041	3873 3874 3875 3876 3877 3878
2042	3880 3881 3882 3883 3884
2043	3886 3887 3888 3889
2044	3891 3892 3893
2045	3895 3896 3897 3898 3899 3900
2046	3902
2047	3904 3905 3906 3907
2048	3909 3910 3911 3912 3913
2049	3915 3916 3917
2050	3919
2051	3921 3922 3923 3924 3925 3926 3927
2053	3929 3930
2054	3932 3933
2055	3935 3936 3937 3938 3939 3940
2056	3942 3943 3944 3945 3946
2057	3948
2058	3950 3951 3952
2059	3954 3955 3956
2060	3958
2061	3960 3961 3962
2062	3964 3965
2063	3967 3968 3969 3970 3971
2064	3973 3974
2065	3976 3977 3978 3979 3980
2066	3982 3983 3984
2067	3986 3987 3988
2068	3990 3991 3992 3993
2069	3995 3996 3997 3998
2070	4000 4001 4002 4003 4004 4005 4006 4007
2071	4009 4010 4011
2072	4013 4014 4015 4016
2073	4018 4019 4020
2074	4022 4023 4024
2075	4026 4027
2076	4029 4030 4031
2077	4033 4034 4035
2078	4037
2079	4039 4040 4041 4042
2080	4044
2081	4046 4047
2082	4049 4050 4051
2083	4053 4054 4055
2084	4057
2085	4059 4060 4061
2086	4063 4064 4065 4066 4067
2087	4069 4070 4071
2088	4073
2089	4075 4076 4077 4078 4079 4080
2091	4082 4083 4084
2092	4086 4087 4088 4089
2093	4091 4092 4093 4094 4095
2094	4097 4098
2095	4100
2096	4102
2097	4103 4104
2098	4106
2100	4108 4109 4110 4111 4112
2101	4114 4115 4116
2102	4118 4119 4120 4121
2103	4123
2104	4124 4125 4126
2105	4128
2106	4130 4131 4132 4133
2107	4135 4136 4137 4138 4139
2108	4141 4142
2109	4144 4145 4146
2110	4148 4149
2111	4151 4152 4153
2112	4155
2113	4157 4158
2114	4160 4161
2115	4163 4164
2116	4166
2117	4168 4169
2118	4171
2119	4173 4174
2120	4176 4177 4178 4179 4180 4181
2121	4183
2122	4185 4186 4187
2123	4189
2125	4190
2126	4192
2127	4193 4194 4195 4196
2128	4198 4199 4200 4201
2129	4203 4204 4205 4206 4207
2131	4209 4210 4211 4212 4213
2132	4215 4216 4217 4218
2133	4220 4221 4222 4223 4224 4225
2134	4227 4228
2135	4230
2136	4232
2137	4233
2138	4235 4236 4237 4238 4239 4240
2139	4242 4243 4244 4245
2140	4247 4248
2141	4250 4251 4252
2142	4254 4255 4256 4257
2143	4259 4260
2144	4262 4263 4264 4265
2145	4267
2146	4269 4270
2147	4272 4273 4274
2148	4276 4277 4278 4279
2149	4281 4282 4283
2151	4285 4286 4287 4288
2152	4290 4291 4292 4293
2153	4295
2154	4297 4298 4299 4300
2155	4302 4303 4304
2156	4306 4307 4308
2157	4310 4311 4312
2158	4314
2159	4316 4317
2160	4319 4320 4321 4322 4323
2161	4325
2162	4327 4328
2164	4330 4331 4332 4333 4334 4335 4336 4337
2165	4339 4340 4341 4342 4343
2166	4345 4346 4347 4348 4349
2167	4351 4352 4353
2168	4355 4356
2169	4358 4359 4360 4361
2170	4363 4364
2171	4366 4367 4368 4369 4370
2172	4372
2173	4374
2174	4376 4377
2175	4379 4380 4381 4382 4383
2176	4385 4386 4387 4388
2177	4390 4391
2178	4393 4394 4395 4396
2179	4398
2180	4399
2181	4401 4402
2183	4404 4405
2184	4407 4408 4409 4410 4411 4412 4413
2185	4415 4416 4417
2186	4419 4420 4421 4422 4423
2187	4425 4426
2188	4428 4429 4430
2190	4432
2191	4434 4435 4436
2192	4438
2193	4440 4441 4442 4443 4444 4445 4446 4447 4448 4449
2194	4451 4452 4453 4454
2195	4456 4457 4458
2196	4460 4461 4462 4463
2197	4465
2198	4466
2199	4467
2200	4469 4470
2201	4472 4473 4474
2202	4476 4477 4478 4479 4480
2203	4482
2204	4483 4484 4485 4486
2205	4488
2206	4490 4491
2207	4493 4494 4495
2208	4497
2209	4498 4499 4500 4501
2210	4503 4504 4505 4506
2211	4508 4509 4510
2212	4512 4513 4514 4515
2213	4517
2214	4518
2215	4519 4520 4521 4522 4523 4524
2216	4526
2217	4527 4528
2218	4530 4531 4532 4533 4534
2219	4536 4537
2220	4539
2221	4541 4542
2222	4544 4545 4546 4547 4548 4549
2225	4551 4552 4553
2226	4555 4556 4557 4558 4559
2227	4561
2228	4563
2229	4565 4566 4567 4568 4569 4570 4571
2230	4573 4574 4575
2231	4577 4578 4579 4580 4581
2232	4583 4584 4585 4586
2233	4588 4589 4590
2234	4592 4593 4594 4595 4596
2235	4598 4599 4600 4601 4602
2236	4604 4605 4606
2237	4608 4609 4610
2238	4612 4613 4614
2239	4616 4617
2240	4619 4620 4621 4622
2241	4624 4625 4626
2242	4628 4629 4630
2243	4632 4633 4634
2244	4636 4637 4638 4639 4640
2245	4642 4643 4644
2246	4646
2247	4648 4649
2248	4651
2249	4652
2250	4654
2251	4656 4657 4658 4659
2252	4661 4662 4663 4664 4665
2253	4667 4668
2254	4670 4671 4672 4673
2255	4675 4676 4677 4678
2256	4680 4681 4682
2257	4684 4685 4686
2258	4688 4689
2259	4691 4692
2260	4694 4695
2261	4697 4698 4699 4700 4701
2262	4703 4704 4705
2263	4707
2264	4708 4709
2265	4711 4712
2266	4714
2267	4716 4717 4718 4719 4720
2269	4722 4723
2270	4725 4726 4727 4728 4729
2271	4731 4732 4733 4734 4735 4736 4737 4738 4739 4740
2272	4742 4743 4744 4745 4746
2273	4748 4749 4750 4751 4752 4753
2274	4755 4756 4757 4758
2275	4760
2276	4762 4763
2277	4765 4766
2278	4768 4769
2279	4771 4772
2280	4774
2281	4776
2282	4777
2283	4778
2284	4780 4781 4782
2285	4784
2286	4786 4787
2287	4789 4790 4791
2288	4793 4794 4795
2289	4797 4798 4799 4800 4801 4802
2290	4804 4805 4806
2291	4808 4809 4810 4811
2292	4813
2293	4814 4815 4816 4817 4818 4819 4820
2294	4822 4823 4824 4825 4826 4827 4828 4829
2295	4831 4832 4833
2296	4835
2297	4836
2298	4837 4838 4839 4840 4841 4842 4843
2299	4845 4846
2300	4848 4849 4850
2301	4852 4853 4854
2302	4856
2303	4857 4858
2304	4860
2305	4861 4862
2306	4864 4865 4866 4867
2307	4869 4870 4871
2308	4873
2309	4875 4876 4877
2310	4879 4880 4881
2311	4883 4884 4885 4886 4887
2312	4889 4890 4891
2313	4893
2314	4895 4896 4897 4898
2315	4900 4901 4902 4903 4904 4905
2316	4907 4908
2318	4910
2319	4912
2320	4914 4915 4916 4917
2321	4919 4920 4921
2322	4923
2323	4925
2324	4927 4928
2325	4930 4931 4932 4933 4934
2326	4936 4937
2327	4939 4940 4941
2328	4943
2329	4945
2330	4947
2331	4949 4950 4951 4952 4953
2332	4955 4956 4957 4958 4959
2334	4961
2335	4963
2336	4965 4966 4967
2337	4969 4970 4971 4972 4973
2338	4975 4976
2339	4978 4979 4980
2340	4982 4983 4984 4985 4986 4987
2341	4989 4990 4991 4992
2342	4994
2343	4996 4997 4998
2344	5000 5001 5002 5003 5004
2345	5006 5007 5008
2346	5010 5011 5012 5013
2347	5015
2348	5017 5018 5019 5020 5021
2349	5023 5024 5025 5026 5027 5028
2350	5030
2351	5032 5033
2352	5035 5036
2353	5038 5039 5040
2354	5042
2355	5044 5045 5046 5047
2356	5049 5050 5051 5052
2357	5054 5055 5056 5057 5058 5059
2358	5061 5062
2359	5064 5065 5066 5067
2360	5069 5070
2361	5072 5073 5074
2362	5076 5077 5078 5079
2363	5081 5082 5083
2364	5085 5086 5087
2365	5089 5090 5091 5092
2366	5094 5095 5096
2368	5098
2369	5099 5100 5101
2370	5103 5104 5105 5106 5107 5108
2371	5110 5111
2372	5113
2373	5115
2374	5116 5117 5118 5119
2375	5121 5122 5123 5124
2376	5126 5127
2377	5129
2378	5131
2379	5132 5133
2380	5135 5136 5137 5138 5139
2381	5141 5142 5143 5144 5145 5146
2383	5148 5149 5150 5151
2384	5153
2386	5155 5156 5157
2387	5159
2388	5160 5161 5162
2389	5164 5165 5166 5167 5168
2390	5170 5171 5172 5173
2391	5175 5176 5177 5178 5179
2392	5181
2393	5183 5184
2394	5186 5187 5188 5189 5190 5191 5192 5193 5194
2395	5196
2396	5198 5199 5200 5201
2397	5203
2398	5205 5206
2399	5208 5209 5210 5211
2400	5213 5214 5215
2401	5217 5218 5219 5220
2402	5222 5223
2403	5225 5226 5227
2404	5229 5230 5231 5232
2406	5234 5235 5236 5237 5238 5239
2407	5241 5242
2408	5244 5245 5246 5247 5248 5249
2410	5251 5252
2411	5254 5255
2412	5257
2413	5259 5260 5261 5262 5263
2414	5265
2415	5266 5267 5268
2416	5270 5271
2417	5273
2419	5274 5275
2420	5277 5278
2421	5280 5281 5282 5283 5284 5285
2422	5287
2423	5289
2424	5291 5292
2425	5294
2426	5296 5297 5298 5299 5300 5301
2427	5303 5304
2428	5306 5307 5308 5309 5310
2429	5312
2430	5313 5314
2431	5316 5317 5318 5319
2432	5321 5322 5323 5324 5325 5326
2433	5328 5329 5330 5331 5332 5333
2434	5335 5336
2435	5338 5339 5340 5341
2436	5343 5344 5345
2437	5347 5348 5349 5350
2438	5352
2439	5354 5355 5356
2440	5358 5359 5360 5361 5362 5363 5364 5365
2441	5367 5368 5369 5370 5371
2442	5373
2443	5374 5375 5376 5377 5378 5379
2444	5381 5382
2445	5384 5385 5386
2446	5388 5389 5390
2447	5392 5393 5394 5395 5396 5397
2448	5399 5400 5401 5402 5403
2449	5405 5406 5407
2450	5409 5410
2451	5412 5413
2452	5415 5416
2453	5418 5419 5420 5421 5422
2454	5424 5425 5426 5427 5428 5429
2455	5431
2456	5433
2457	5434 5435
2458	5437
2459	5439 5440
2460	5442 5443 5444
2461	5446
2462	5448
2463	5450 5451
2464	5453 5454 5455
2465	5457
2466	5459 5460 5461
2467	5463 5464 5465 5466 5467
2468	5469
2469	5471 5472 5473
2470	5475 5476 5477
2471	5479 5480
2472	5482 5483 5484
2473	5486
2474	5488
2475	5489 5490 5491 5492 5493
2476	5495 5496 5497 5498
2477	5500 5501
2478	5503
2479	5505 5506 5507 5508
2480	5510 5511 5512 5513
2481	5515
2482	5517
2483	5518 5519 5520
2484	5522 5523 5524 5525
2485	5527 5528
2486	5530
2487	5532
2488	5534
2489	5536 5537 5538
2490	5540 5541
2492	5543 5544 5545 5546 5547 5548
2493	5550
2494	5552 5553 5554
2495	5556 5557 5558
2496	5560 5561 5562
2497	5564
2499	5565 5566 5567 5568
2500	5570 5571
2501	5573
2502	5575 5576
2503	5578
2504	5579 5580 5581 5582
2505	5584 5585 5586
2506	5588 5589 5590
2507	5592 5593 5594
2508	5596 5597 5598
2509	5600 5601 5602
2510	5604 5605 5606
2511	5608 5609 5610 5611 5612 5613 5614
2512	5616 5617 5618 5619 5620
2513	5622 5623 5624
2514	5626 5627
2515	5629 5630 5631 5632
2516	5634
2517	5636 5637 5638 5639 5640 5641 5642 5643
2518	5645 5646 5647
2519	5649 5650 5651 5652 5653
2520	5655 5656
2521	5658 5659
2522	5661 5662
2523	5664 5665 5666 5667
2524	5669 5670 5671 5672 5673 5674 5675 5676 5677
2525	5679 5680 5681 5682
2526	5684
2527	5686
2528	5688 5689
2530	5691 5692 5693
2531	5695
2532	5697 5698
2533	5700 5701
2534	5703 5704 5705 5706 5707
2535	5709 5710 5711 5712
2536	5714 5715
2537	5717 5718
2538	5720 5721
2539	5723
2540	5725 5726 5727 5728 5729
2541	5731 5732
2542	5734 5735
2543	5737 5738 5739
2544	5741 5742 5743
2545	5745 5746 5747 5748 5749
2546	5751
2547	5753 5754 5755 5756
2548	5758 5759 5760
2549	5762 5763 5764 5765 5766 5767
2550	5769 5770 5771 5772 5773 5774
2551	5776 5777
2552	5779 5780 5781 5782
2553	5784 5785 5786 5787 5788
2555	5790 5791 5792 5793 5794 5795
2556	5797 5798 5799
2557	5801 5802
2558	5804
2559	5805 5806
2560	5808 5809 5810 5811 5812
2561	5814 5815 5816
2562	5818 5819 5820
2563	5822 5823 5824
2564	5826 5827 5828
2565	5830 5831 5832
2566	5834
2567	5835
2568	5836 5837 5838 5839 5840 5841
2569	5843 5844
2570	5846 5847 5848 5849
2571	5851 5852
2572	5854
2573	5855 5856 5857 5858
2574	5860 5861 5862
2575	5864
2576	5866
2577	5868 5869 5870
2578	5872 5873 5874 5875 5876 5877
2579	5879 5880
2580	5882 5883 5884 5885
2581	5887 5888 5889 5890
2582	5892
2583	5894
2584	5896 5897 5898 5899 5900 5901 5902
2585	5904 5905 5906
2586	5908
2587	5910 5911 5912 5913
2588	5915
2589	5917 5918 5919 5920 5921 5922
2590	5924 5925 5926 5927
2591	5929
2592	5931 5932 5933 5934 5935
2593	5937 5938
2594	5940 5941 5942
2595	5944 5945 5946 5947
2597	5949 5950 5951 5952 5953 5954
2598	5956
2599	5957 5958 5959
2600	5961 5962 5963 5964 5965 5966
2601	5968 5969 5970 5971 5972
2602	5974 5975 5976 5977 5978
2603	5980
2604	5981 5982 5983 5984
2605	5986
2606	5988 5989
2607	5991
2608	5993 5994 5995
2609	5997
2610	5999 6000
2611	6002 6003
2612	6005 6006 6007 6008 6009 6010
2613	6012 6013 6014 6015 6016
2614	6018
2615	6019
2616	6021 6022 6023
2617	6025 6026 6027 6028 6029 6030
2618	6032 6033 6034 6035
2619	6037 6038
2620	6040 6041 6042
2621	6044
2622	6046 6047
2623	6049 6050
2624	6052
2625	6054 6055 6056 6057 6058 6059 6060 6061 6062
2626	6064
2627	6066 6067
2628	6069
2629	6070 6071 6072 6073
2630	6075 6076
2631	6078 6079
2632	6081 6082 6083 6084 6085 6086 6087 6088
2633	6090 6091 6092 6093 6094
2634	6096
2635	6097
2636	6099
2637	6101
2638	6103
2639	6105 6106
2640	6108
2641	6109 6110 6111 6112
2642	6114 6115
2643	6117 6118 6119 6120
2644	6122 6123
2645	6125 6126 6127 6128 6129 6130 6131
2646	6133 6134
2648	6136 6137 6138 6139
2649	6141 6142 6143
2650	6145 6146 6147
2651	6149
2652	6151 6152
2653	6154 6155 6156 6157
2654	6159 6160 6161 6162 6163
2655	6165
2656	6167 6168 6169 6170
2657	6172
2658	6174
2659	6176 6177 6178 6179
2660	6181
2661	6183 6184 6185
2662	6187 6188
2663	6190 6191 6192 6193 6194 6195 6196 6197
2664	6199 6200
2665	6202
2666	6204 6205 6206 6207 6208 6209
2667	6211
2668	6213
2669	6214 6215 6216
2670	6218
2671	6220 6221 6222
2672	6224 6225 6226 6227
2673	6229 6230 6231
2674	6233 6234
2675	6236 6237
2676	6239 6240 6241 6242
2677	6244
2678	6246 6247 6248
2679	6250 6251
2680	6253 6254 6255
2681	6257 6258
2682	6260 6261 6262 6263
2683	6265 6266
2684	6268
2685	6269 6270 6271 6272
2686	6274
2687	6276 6277 6278
2688	6280 6281 6282 6283
2689	6285 6286 6287
2690	6289 6290 6291 6292 6293 6294
2691	6296 6297 6298 6299
2692	6301 6302
2693	6304 6305 6306
2694	6308 6309 6310 6311 6312
2695	6314 6315
2696	6317 6318 6319 6320
2697	6322
2698	6324 6325
2699	6327 6328 6329 6330
2700	6332 6333 6334
2701	6336 6337 6338 6339
2702	6341 6342 6343
2703	6345 6346 6347
2704	6349
2705	6351 6352
2706	6354 6355 6356 6357 6358 6359 6360
2707	6362 6363 6364 6365 6366 6367
2708	6369
2709	6371 6372 6373
2710	6375
2711	6377 6378
2712	6380 6381 6382 6383
2713	6385 6386 6387 6388
2714	6390
2715	6391 6392 6393 6394 6395
2716	6397 6398 6399 6400 6401 6402
2717	6404
2718	6405 6406 6407 6408 6409 6410 6411
2719	6413 6414 6415 6416
2720	6418
2721	6419
2722	6421
2723	6423 6424 6425
2724	6427
2725	6429
2726	6431 6432 6433
2727	6435 6436 6437 6438
2728	6440
2729	6442 6443 6444 6445 6446 6447
2730	6449 6450 6451
2731	6453
2732	6455 6456 6457
2733	6459 6460
2734	6462
2735	6463
2736	6464 6465 6466 6467 6468 6469
2737	6471
2738	6473 6474 6475 6476 6477 6478
2739	6480
2740	6482
2741	6484 6485 6486
2742	6488 6489
2743	6491 6492 6493 6494 6495 6496
2744	6498 6499
2745	6501 6502 6503 6504 6505
2746	6507 6508 6509 6510 6511 6512
2747	6514 6515 6516 6517 6518
2748	6520
2749	6521 6522
2750	6524 6525
2751	6527 6528 6529 6530
2752	6532
2753	6533 6534
2754	6536 6537
2755	6539 6540 6541 6542 6543
2756	6545 6546 6547
2757	6549 6550
2758	6552 6553 6554 6555 6556 6557 6558 6559
2759	6561
2760	6562 6563 6564 6565 6566 6567 6568 6569
2761	6571 6572 6573 6574 6575
2762	6577 6578 6579
2763	6581 6582 6583
2764	6585 6586 6587 6588 6589
2765	6591 6592 6593 6594
2766	6596 6597
2767	6599
2768	6600
2769	6602 6603 6604 6605
2770	6607
2771	6609 6610
2772	6612 6613 6614 6615 6616 6617
2773	6619
2774	6620 6621
2775	6623 6624 6625
2776	6627
2777	6629 6630 6631
2778	6633 6634 6635
2779	6637 6638 6639 6640 6641
2780	6643
2781	6645 6646 6647 6648 6649
2782	6651 6652
2783	6654
2784	6655 6656 6657 6658
2785	6660 6661 6662 6663
2786	6665 6666
2787	6668 6669 6670 6671 6672
2788	6674 6675 6676
2789	6678 6679 6680 6681 6682 6683 6684
2790	6686 6687
2791	6689
2792	6690 6691 6692
2794	6694 6695 6696 6697 6698 6699
2795	6701 6702 6703 6704
2796	6706 6707 6708 6709
2797	6711
2798	6713 6714 6715
2799	6717 6718 6719 6720 6721 6722 6723
2800	6725 6726 6727 6728
2801	6730 6731 6732
2802	6734 6735 6736
2803	6738 6739 6740 6741
2804	6743 6744 6745
2805	6747 6748 6749
2806	6751 6752 6753
2807	6755 6756 6757
2808	6759 6760
2809	6762
2810	6764 6765 6766 6767 6768
2811	6770 6771 6772 6773 6774
2812	6776
2813	6778 6779 6780 6781
2814	6783 6784 6785 6786 6787 6788
2815	6790 6791 6792
2816	6794 6795 6796 6797 6798 6799 6800
2817	6802 6803
2818	6805 6806
2820	6808
2822	6809
2823	6811
2824	6813 6814
2825	6816 6817 6818 6819
2826	6821
2827	6822
2828	6824
2829	6825 6826
2830	6828 6829 6830
2831	6832 6833 6834
2832	6836 6837 6838 6839
2833	6841
2834	6842 6843 6844
2835	6846 6847 6848 6849 6850 6851
2836	6853 6854 6855 6856
2837	6858 6859 6860 6861
2838	6863 6864
2839	6866 6867
2840	6869 6870 6871 6872 6873
2841	6875
2842	6876
2843	6878 6879 6880
2844	6882
2845	6883
2846	6885 6886
2847	6888 6889 6890 6891 6892
2848	6894
2849	6896 6897 6898 6899
2850	6901 6902 6903
2851	6905 6906 6907 6908 6909 6910 6911 6912
2852	6914
2853	6915
2854	6917 6918 6919
2855	6921 6922 6923 6924 6925 6926 6927
2856	6929
2857	6931 6932 6933 6934 6935
2858	6937
2859	6938
2860	6940 6941 6942 6943 6944
2861	6946 6947 6948 6949
2862	6951 6952
2863	6954 6955
2864	6957 6958 6959
2865	6961 6962
2866	6964
2867	6965 6966 6967 6968
2868	6970 6971 6972 6973 6974 6975 6976
2869	6978 6979 6980
2870	6982 6983 6984 6985
2871	6987 6988 6989
2872	6991 6992
2873	6994 6995 6996 6997 6998
2874	7000 7001 7002
2875	7004 7005
2876	7007 7008 7009 7010
2877	7012
2878	7014
2879	7016 7017 7018 7019
2880	7021 7022
2881	7024
2882	7026 7027 7028
2883	7030 7031 7032
2884	7034 7035 7036
2885	7038 7039 7040 7041
2886	7043
2887	7045
2888	7047 7048 7049
2889	7051
2890	7052
2891	7054
2892	7055
2893	7057 7058 7059 7060
2894	7062
2895	7063
2897	7064 7065
2898	7067 7068
2899	7070 7071 7072
2900	7074 7075 7076
2901	7078 7079 7080
2902	7082 7083
2903	7085 7086
2904	7088 7089 7090
2905	7092
2906	7094 7095 7096 7097
2907	7099 7100 7101 7102 7103 7104
2908	7106 7107
2909	7109 7110 7111 7112
2910	7114 7115 7116 7117
2911	7119
2912	7121 7122 7123 7124
2913	7126
2914	7128 7129 7130
2915	7132
2916	7134 7135 7136
2917	7138
2918	7140 7141 7142 7143 7144 7145 7146
2919	7148
2920	7150 7151 7152 7153
2921	7155 7156
2922	7158 7159
2923	7161
2924	7163 7164 7165
2925	7167 7168 7169 7170 7171 7172
2926	7174 7175
2927	7177 7178 7179 7180
2928	7182 7183 7184
2929	7186
2930	7188 7189 7190
2931	7192
2932	7193 7194 7195
2933	7197
2934	7199 7200 7201
2935	7203 7204 7205
2936	7207
2937	7209 7210 7211 7212 7213 7214
2938	7216 7217
2939	7219 7220
2940	7222 7223 7224
2941	7226 7227 7228 7229 7230
2942	7232 7233
2943	7235 7236 7237
2944	7239 7240 7241
2945	7243
2946	7245 7246 7247 7248 7249 7250 7251
2947	7253 7254
2948	7256 7257 7258
2949	7260
2950	7262 7263 7264 7265 7266
2951	7268 7269
2952	7271 7272 7273 7274
2953	7276
2954	7277 7278
2955	7280 7281 7282 7283 7284
2956	7286 7287 7288 7289
2957	7291 7292 7293 7294 7295 7296
2958	7298 7299 7300 7301
2960	7303 7304 7305 7306 7307 7308 7309 7310
2961	7312 7313 7314 7315 7316
2962	7318 7319 7320
2963	7322
2964	7324 7325 7326 7327
2965	7329
2966	7331
2967	7333 7334
2968	7336
2969	7337 7338 7339
2970	7341
2971	7343 7344
2972	7346
2973	7348 7349 7350 7351
2974	7353 7354 7355
2975	7357 7358 7359 7360
2976	7362
2977	7364 7365 7366
2978	7368 7369 7370 7371
2979	7373 7374 7375
2980	7377 7378
2981	7380 7381 7382
2982	7384 7385 7386 7387
2983	7389
2984	7391 7392 7393
2985	7395
2986	7397 7398 7399 7400
2987	7402
2988	7403
2989	7404 7405 7406
2990	7408 7409 7410 7411 7412 7413 7414 7415
2991	7417 7418 7419 7420
2992	7422
2993	7423 7424 7425 7426 7427
2994	7429
2995	7431
2996	7433 7434 7435 7436 7437
2997	7439 7440 7441 7442
2998	7444
2999	7446 7447
3000	7449
3001	7450
3002	7452 7453 7454 7455
3003	7457 7458
3004	7460
3005	7462 7463 7464 7465
3006	7467 7468
3007	7470
3008	7472
3009	7474 7475 7476 7477 7478
3010	7480 7481 7482 7483
3011	7485 7486 7487 7488
3012	7490 7491
3013	7493 7494 7495 7496
3014	7498 7499 7500 7501
3015	7503 7504 7505
3016	7507 7508
3017	7510 7511
3018	7513 7514
3019	7516
3020	7518 7519
3021	7521 7522 7523
3022	7525 7526 7527
3023	7529 7530
3024	7532
3025	7534 7535 7536
3026	7538 7539 7540 7541
3027	7543 7544 7545
3028	7547 7548 7549 7550 7551
3029	7553 7554
3030	7556 7557 7558
3031	7560 7561 7562 7563
3032	7565
3033	7567 7568
3034	7570 7571 7572 7573
3035	7575 7576 7577 7578 7579
3036	7581 7582
3037	7584
3038	7586 7587 7588 7589
3039	7591 7592 7593
3040	7595
3041	7596 7597 7598 7599
3042	7601 7602 7603 7604 7605 7606
3043	7608
3044	7609 7610 7611 7612 7613 7614
3045	7616 7617 7618
3046	7620 7621 7622 7623 7624
3047	7626
3048	7628 7629 7630 7631 7632
3049	7634
3050	7636 7637 7638 7639 7640 7641 7642 7643
3051	7645 7646 7647
3052	7649
3053	7651 7652
3054	7654 7655 7656 7657 7658 7659
3055	7661
3056	7662
3057	7664
3058	7666 7667
3059	7669 7670 7671
3060	7673 7674
3061	7676 7677 7678
3062	7680 7681 7682
3063	7684 7685 7686 7687
3064	7689
3065	7691 7692
3066	7694 7695 7696 7697 7698
3067	7700 7701 7702 7703
3068	7705 7706
3069	7708
3071	7710 7711 7712
3072	7714 7715 7716 7717
3073	7719
3074	7721
3075	7723 7724
3076	7726
3077	7728 7729 7730 7731 7732
3078	7734
3079	7736 7737 7738
3080	7740
3081	7741 7742 7743 7744
3082	7746 7747 7748 7749 7750 7751 7752 7753 7754
3083	7756 7757 7758
3084	7760 7761 7762 7763 7764 7765
3085	7767
3086	7769 7770 7771
3087	7773 7774
3088	7776 7777
3089	7779 7780 7781 7782
3090	7784 7785 7786 7787 7788 7789 7790 7791
3092	7793 7794
3093	7796
3094	7797 7798 7799 7800 7801 7802 7803
3095	7805 7806 7807 7808 7809
3096	7811 7812
3097	7814
3098	7815
3099	7817 7818 7819 7820
3100	7822 7823 7824 7825
3101	7827 7828 7829 7830 7831
3102	7833 7834 7835
3103	7837
3104	7839 7840 7841 7842 7843
3105	7845
3106	7846 7847
3107	7849 7850 7851 7852 7853 7854
3108	7856
3109	7857 7858 7859
3110	7861
3111	7863 7864 7865 7866 7867
3112	7869 7870 7871
3113	7873 7874 7875 7876
3115	7878 7879 7880 7881 7882 7883
3116	7885 7886 7887 7888
3117	7890 7891 7892
3118	7894 7895
3119	7897 7898 7899 7900 7901
3120	7903 7904 7905 7906 7907 7908 7909 7910 7911
3122	7913 7914 7915 7916 7917 7918 7919 7920
3123	7922 7923 7924
3124	7926
3125	7927
3126	7929
3127	7930 7931 7932
3128	7934 7935 7936
3129	7938 7939
3130	7941 7942
3131	7944
3132	7946 7947 7948
3133	7950 7951 7952
3134	7954
3135	7955 7956
3136	7958
3137	7959 7960 7961 7962 7963 7964 7965
3138	7967 7968 7969
3139	7971 7972 7973 7974 7975 7976
3140	7978 7979 7980 7981 7982
3141	7984 7985 7986 7987 7988 7989
3142	7991 7992 7993 7994
3143	7996
3144	7998 7999 8000
3145	8002 8003 8004
3146	8006
3147	8008
3148	8010 8011 8012
3149	8014
3150	8015 8016
3151	8018 8019
3152	8021
3153	8022 8023 8024 8025 8026
3154	8028 8029 8030 8031
3155	8033
3156	8034 8035
3157	8037 8038
3158	8040 8041 8042
3159	8044 8045
3160	8047 8048 8049 8050
3161	8052 8053 8054
3162	8056
3163	8057
3164	8059 8060 8061 8062 8063
3165	8065 8066 8067 8068
3166	8070 8071 8072 8073 8074
3167	8076 8077
3168	8079 8080 8081 8082
3169	8084
3170	8086 8087
3171	8089
3172	8090 8091
3173	8093
3174	8094
3175	8096 8097 8098 8099 8100
3176	8102 8103 8104 8105 8106
3177	8108
3178	8110 8111 8112 8113
3179	8115
3180	8116 8117 8118 8119 8120 8121 8122 8123 8124
3181	8126 8127 8128 8129 8130
3182	8132 8133 8134 8135
3183	8137 8138
3184	8140 8141 8142 8143 8144 8145
3185	8147 8148 8149
3186	8151 8152 8153 8154
3188	8156 8157
3189	8159 8160 8161 8162 8163 8164
3190	8166 8167 8168
3191	8170
3193	8172 8173 8174
3194	8176 8177 8178 8179 8180
3195	8182 8183
3196	8185
3197	8187
3198	8188
3199	8190
3200	8191 8192 8193
3201	8195 8196 8197 8198 8199
3202	8201 8202
3203	8204 8205 8206 8207
3204	8209 8210 8211 8212
3205	8214 8215 8216 8217
3206	8219 8220 8221 8222 8223
3207	8225 8226 8227
3208	8229 8230 8231 8232
3209	8234 8235 8236 8237
3210	8239 8240
3211	8242
3212	8244
3213	8246 8247
3214	8249 8250 8251
3215	8253 8254 8255
3216	8257
3217	8259 8260
3218	8262
3219	8264 8265
3220	8267 8268 8269 8270
3221	8272 8273 8274 8275 8276 8277 8278 8279
3222	8281 8282 8283
3223	8285
3224	8286 8287 8288
3225	8290 8291 8292 8293 8294 8295
3226	8297 8298 8299
3227	8301 8302 8303 8304
3228	8306
3229	8307 8308
3230	8310
3231	8311
3232	8313 8314 8315 8316 8317 8318
3233	8320
3234	8321
3235	8322 8323
3236	8325 8326 8327
3237	8329 8330 8331
3238	8333
3239	8335
3240	8336
3241	8338 8339
3242	8341 8342
3243	8344
3244	8345 8346
3245	8348 8349 8350 8351
3246	8353 8354 8355 8356 8357 8358 8359
3247	8361 8362 8363 8364 8365 8366
3248	8368 8369 8370 8371 8372 8373 8374 8375 8376
3249	8378
3250	8380
3251	8382 8383 8384 8385 8386 8387
3252	8389 8390 8391 8392
3253	8394
3254	8396 8397 8398
3255	8400 8401 8402 8403 8404
3256	8406 8407 8408
3257	8410
3258	8412 8413 8414 8415 8416
3259	8418 8419 8420
3260	8422 8423
3262	8425 8426 8427
3263	8429 8430
3264	8432 8433 8434 8435
3265	8437
3266	8439 8440 8441 8442 8443 8444
3267	8446 8447 8448
3268	8450 8451 8452 8453 8454 8455
3269	8457
3270	8459
3271	8460 8461
3272	8463
3273	8465 8466
3275	8468 8469
3276	8471 8472 8473
3277	8475 8476
3278	8478
3279	8480 8481
3280	8483 8484
3281	8486 8487
3282	8489 8490 8491 8492
3283	8494 8495 8496
3284	8498 8499 8500 8501 8502 8503
3285	8505
3286	8507
3287	8509 8510 8511
3288	8513 8514
3289	8516 8517 8518 8519 8520 8521 8522 8523 8524
3290	8526
3291	8527
3292	8529 8530
3293	8532 8533
3294	8535 8536 8537 8538 8539
3295	8541 8542
3296	8544 8545 8546 8547
3297	8549 8550 8551 8552
3298	8554 8555 8556
3299	8558 8559 8560
3300	8562 8563 8564
3301	8566
3302	8567 8568
3303	8570 8571
3304	8573 8574
3305	8576 8577
3306	8579 8580 8581 8582 8583 8584
3307	8586 8587 8588
3308	8590 8591 8592 8593 8594 8595 8596 8597
3309	8599 8600 8601 8602 8603 8604
3310	8606 8607 8608
3311	8610 8611
3312	8613 8614 8615
3313	8617 8618
3314	8620
3315	8621 8622 8623 8624
3316	8626 8627
3317	8629 8630
3318	8632
3319	8634
3320	8636 8637
3321	8639 8640 8641 8642
3322	8644 8645 8646 8647 8648
3323	8650 8651 8652
3324	8654 8655 8656 8657
3325	8659 8660 8661 8662
3326	8664
3327	8666 8667 8668 8669 8670
3328	8672 8673 8674
3329	8676 8677 8678 8679
3330	8681
3331	8683
3332	8685
3333	8687
3334	8689 8690 8691
3335	8693
3336	8694
3337	8695 8696 8697 8698
3338	8700 8701 8702
3339	8704 8705
3341	8707
3342	8709 8710 8711
3343	8713 8714 8715 8716
3344	8718 8719 8720 8721
3345	8723
3346	8724 8725
3347	8727 8728 8729 8730
3348	8732 8733 8734 8735 8736
3349	8738 8739
3350	8741
3351	8743
3352	8745 8746
3353	8748 8749 8750 8751 8752
3354	8754 8755 8756 8757 8758
3355	8760
3356	8762 8763 8764 8765 8766
3357	8768 8769
3358	8771 8772 8773 8774
3359	8776
3360	8778 8779
3361	8781 8782 8783 8784 8785 8786 8787 8788
3362	8790
3363	8791 8792 8793 8794 8795
3364	8797 8798 8799 8800
3365	8802 8803 8804 8805 8806
3366	8808
3367	8810
3368	8811 8812
3369	8814 8815 8816 8817
3370	8819 8820 8821
3372	8823
3373	8824
3374	8826
3375	8828 8829
3376	8831
3377	8832
3378	8833 8834 8835
3379	8837
3380	8839 8840 8841 8842 8843
3381	8845
3382	8847 8848
3383	8850 8851
3384	8853 8854 8855 8856
3385	8858 8859 8860
3386	8862 8863 8864
3387	8866 8867
3389	8869 8870 8871 8872
3390	8874 8875 8876 8877
3391	8879
3393	8880 8881 8882 8883 8884
3394	8886 8887
3395	8889
3396	8891 8892 8893 8894
3397	8896 8897
3398	8899 8900 8901
3399	8903 8904 8905
3400	8907 8908
3401	8910 8911
3402	8913 8914 8915 8916 8917 8918 8919 8920
3403	8922 8923
3404	8925
3405	8927 8928 8929
3406	8931 8932
3407	8934 8935 8936
3408	8938
3409	8940 8941 8942
3410	8944 8945 8946 8947 8948 8949
3411	8951 8952 8953
3412	8955
3413	8956 8957 8958 8959
3414	8961 8962 8963
3415	8965
3416	8967 8968 8969 8970
3417	8972
3418	8974
3419	8976 8977
3420	8979 8980
3421	8982 8983 8984
3422	8986
3423	8987 8988 8989
3424	8991 8992
3425	8994 8995
3426	8997 8998 8999
3427	9001 9002 9003
3428	9005 9006
3429	9008 9009 9010 9011 9012
3430	9014 9015 9016
3431	9018
3432	9019
3433	9021 9022
3434	9024
3435	9025 9026 9027 9028
3436	9030
3437	9031 9032 9033 9034 9035
3438	9037 9038 9039 9040 9041
3439	9043 9044 9045 9046
3440	9048
3441	9049
3442	9051 9052 9053 9054
3443	9056 9057 9058
3444	9060
3445	9062 9063
3447	9065 9066 9067
3448	9069
3449	9070 9071
3450	9073 9074 9075 9076 9077 9078
3451	9080 9081 9082
3452	9084 9085 9086
3453	9088
3454	9090
3455	9091 9092
3456	9094 9095 9096 9097
3457	9099
3458	9101 9102 9103 9104
3459	9106 9107 9108
3460	9110 9111 9112
3461	9114
3462	9116 9117 9118 9119 9120 9121 9122 9123
3463	9125 9126 9127
3464	9129
3465	9131 9132 9133 9134 9135 9136 9137 9138
3466	9140
3467	9142 9143 9144 9145 9146
3468	9148 9149 9150
3469	9152 9153 9154 9155
3470	9157 9158
3471	9160 9161 9162
3472	9164 9165
3473	9167 9168
3474	9170 9171 9172 9173 9174 9175
3475	9177 9178 9179
3476	9181 9182 9183 9184 9185
3477	9187
3478	9188
3479	9189 9190 9191
3480	9193 9194 9195 9196
3481	9198 9199 9200
3482	9202 9203
3483	9205 9206 9207 9208 9209
3484	9211 9212 9213 9214 9215 9216 9217 9218 9219
3485	9221 9222
3486	9224 9225 9226 9227
3487	9229 9230 9231 9232 9233
3488	9235 9236
3489	9238 9239 9240 9241
3490	9243
3491	9244 9245 9246 9247 9248 9249
3493	9251 9252 9253
3494	9255 9256
3495	9258 9259 9260 9261 9262 9263 9264
3496	9266 9267 9268
3497	9270 9271 9272 9273
3498	9275 9276 9277
3499	9279 9280 9281 9282 9283 9284 9285
3500	9287 9288 9289 9290
3501	9292
3502	9294 9295 9296 9297
3503	9299
3504	9300 9301 9302
3505	9304 9305 9306 9307 9308
3507	9310 9311 9312 9313 9314 9315
3508	9317 9318 9319 9320 9321 9322
3509	9324 9325 9326
3510	9328
3511	9329 9330 9331 9332 9333 9334
3512	9336
3513	9338
3514	9340
3515	9342 9343 9344 9345
3516	9347 9348
3517	9350 9351 9352 9353 9354 9355 9356
3518	9358 9359 9360 9361 9362
3519	9364 9365
3520	9367 9368 9369
3521	9371 9372 9373
3522	9375
3523	9377 9378 9379 9380 9381 9382
3524	9384 9385 9386 9387
3525	9389
3526	9391 9392 9393 9394
3527	9396 9397
3528	9399 9400
3529	9402 9403 9404 9405 9406 9407
3530	9409 9410
3531	9412 9413 9414 9415
3532	9417 9418
3533	9420
3534	9421 9422
3535	9424 9425 9426 9427
3536	9429
3537	9430 9431 9432 9433 9434
3538	9436 9437
3539	9439 9440 9441 9442 9443
3540	9445 9446
3541	9448
3542	9450
3543	9452 9453 9454 9455 9456
3544	9458 9459 9460 9461
3545	9463 9464 9465
3546	9467 9468
3547	9470 9471
3548	9473 9474 9475 9476 9477 9478
3549	9480 9481 9482 9483 9484 9485 9486
3550	9488 9489
3551	9491 9492
3552	9494 9495 9496 9497
3553	9499 9500
3554	9502 9503 9504
3555	9506
3556	9507 9508 9509
3557	9511 9512 9513
3558	9515 9516 9517
3559	9519 9520 9521 9522
3560	9524 9525 9526 9527 9528 9529
3561	9531 9532 9533
3562	9535 9536 9537 9538
3563	9540 9541 9542
3564	9544 9545
3565	9547
3566	9548
3567	9550
3568	9552 9553 9554
3569	9556 9557
3570	9559 9560 9561
3571	9563 9564 9565 9566 9567
3572	9569
3573	9571 9572 9573
3574	9575 9576 9577 9578 9579
3575	9581 9582 9583 9584
3576	9586
3577	9587 9588
3578	9590
3579	9592 9593 9594 9595
3580	9597
3581	9599 9600 9601 9602 9603 9604
3582	9606 9607 9608 9609 9610
3583	9612 9613 9614 9615 9616 9617
3584	9619 9620 9621 9622 9623 9624
3585	9626
3586	9628 9629
3587	9631 9632 9633 9634
3588	9636 9637 9638
3589	9640 9641 9642 9643 9644
3590	9646 9647 9648 9649 9650
3591	9652 9653
3592	9655 9656 9657 9658
3593	9660 9661 9662 9663 9664 9665 9666 9667 9668
3594	9670
3595	9672 9673 9674 9675 9676 9677
3596	9679 9680 9681 9682
3597	9684 9685
3598	9687
3599	9689 9690 9691 9692
3600	9694 9695 9696 9697 9698
3601	9700 9701 9702
3602	9704
3603	9706 9707 9708
3604	9710 9711 9712 9713 9714
3605	9716
3606	9717
3607	9718
3608	9719 9720 9721
3609	9723 9724 9725 9726
3610	9728
3611	9730
3612	9732 9733 9734 9735 9736
3613	9738 9739 9740
3614	9742 9743 9744 9745
3615	9747 9748 9749
3616	9751 9752
3617	9754 9755 9756 9757
3618	9759
3619	9761 9762 9763 9764
3620	9766 9767 9768
3621	9770 9771 9772 9773 9774 9775
3622	9777 9778 9779 9780
3623	9782
3624	9784
3625	9785
3626	9786
3627	9788
3628	9789
3629	9790 9791 9792 9793 9794
3630	9796
3631	9798
3632	9799
3633	9801 9802 9803 9804
3634	9806
3635	9808 9809 9810 9811 9812 9813
3636	9815 9816
3637	9818 9819
3638	9821
3639	9823 9824 9825
3640	9827 9828
3641	9830 9831
3642	9833 9834
3643	9836 9837 9838 9839
3644	9841 9842
3645	9844 9845 9846
3646	9848 9849 9850
3647	9852
3648	9854
3649	9855 9856 9857 9858 9859 9860
3650	9862
3651	9864 9865 9866 9867 9868
3652	9870
3653	9872 9873 9874
3654	9876
3655	9878
3656	9880 9881
3657	9883 9884 9885 9886 9887 9888 9889
3658	9891
3659	9893 9894 9895
3660	9897 9898 9899
3661	9901 9902 9903
3662	9905 9906 9907
3663	9909 9910 9911 9912 9913 9914 9915
3664	9917 9918
3665	9920
3666	9922 9923 9924 9925
3667	9927 9928 9929
3668	9931 9932 9933 9934 9935
3669	9937 9938 9939
3670	9941 9942 9943
3671	9945 9946
3672	9948 9949
3673	9951 9952 9953
3674	9955 9956 9957
3675	9959 9960 9961 9962
3676	9964
3677	9966 9967 9968 9969
3678	9971 9972
3679	9974 9975 9976 9977 9978
3680	9980 9981 9982
3681	9984 9985 9986
3682	9988 9989 9990 9991 9992
3683	9994 9995 9996 9997
3684	9999 10000 10001 10002 10003
3685	10005 10006
3686	10008 10009 10010
3687	10012 10013 10014 10015
3688	10017 10018
3689	10020 10021 10022
3690	10024
3691	10026 10027 10028 10029
3692	10031 10032 10033 10034
3693	10036 10037
3694	10039 10040 10041 10042
3695	10044 10045 10046
3696	10048
3697	10050 10051 10052
3698	10054 10055 10056 10057
3699	10059 10060
3700	10062
3701	10063 10064 10065
3703	10067 10068 10069
3704	10071 10072 10073 10074
3705	10076 10077 10078
3706	10080
3707	10081
3708	10083 10084
3709	10086 10087 10088 10089
3710	10091 10092
3711	10094
3712	10096 10097
3713	10099 10100 10101
3714	10103
3715	10105 10106
3716	10108 10109 10110
3717	10112 10113 10114
3718	10116 10117 10118 10119 10120
3719	10122 10123 10124 10125 10126
3720	10128 10129
3721	10131 10132 10133 10134
3722	10136 10137
3723	10139
3724	10140 10141
3725	10143
3726	10145
3727	10147 10148 10149 10150
3728	10152 10153 10154 10155 10156
3729	10158
3730	10160 10161 10162
3731	10164 10165 10166
3732	10168 10169 10170 10171 10172 10173
3733	10175
3734	10177
3735	10179 10180 10181
3736	10183 10184 10185
3737	10187 10188 10189 10190 10191 10192 10193 10194 10195 10196
3738	10198 10199 10200
3739	10202 10203
3740	10205
3741	10206 10207 10208
3742	10210
3743	10212 10213 10214 10215 10216
3744	10218 10219
3745	10221 10222 10223 10224 10225
3746	10227 10228 10229 10230
3747	10232
3748	10234 10235 10236
3749	10238 10239 10240
3750	10242 10243
3751	10245 10246
3752	10248 10249 10250 10251 10252
3753	10254
3754	10256
3755	10258 10259
3756	10261 10262 10263 10264
3757	10266 10267 10268 10269 10270 10271
3758	10273 10274 10275 10276 10277
3759	10279 10280 10281
3760	10283 10284 10285 10286
3761	10288 10289 10290 10291 10292 10293 10294
3762	10296 10297 10298 10299
3763	10301 10302 10303 10304
3764	10306 10307 10308 10309 10310
3765	10312 10313
3766	10315 10316
3767	10318 10319 10320
3768	10322 10323 10324 10325 10326 10327
3769	10329 10330 10331
3770	10333
3771	10334
3772	10335 10336 10337
3773	10339 10340
3774	10342 10343 10344
3775	10346 10347 10348 10349
3776	10351 10352 10353 10354 10355
3777	10357
3778	10358 10359 10360 10361
3779	10363 10364 10365 10366 10367
3780	10369
3781	10370 10371
3782	10373 10374 10375 10376 10377 10378
3783	10380 10381 10382 10383 10384 10385
3784	10387 10388
3785	10390 10391 10392
3786	10394 10395 10396 10397
3787	10399 10400
3788	10402
3789	10403 10404 10405
3790	10407 10408 10409 10410 10411
3791	10413
3792	10415
3793	10416 10417 10418 10419 10420 10421 10422
3794	10424 10425 10426
3795	10428 10429
3796	10431
3797	10432 10433 10434 10435 10436
3798	10438
3799	10440 10441
3800	10443 10444
3801	10446 10447
3802	10449
3803	10451 10452 10453 10454 10455
3804	10457 10458 10459
3805	10461 10462
3806	10464
3807	10466
3808	10468 10469 10470 10471
3809	10473 10474 10475
3810	10477
3811	10479 10480 10481 10482 10483 10484
3812	10486 10487 10488 10489 10490 10491 10492
3813	10494
3814	10496 10497
3815	10499 10500 10501
3816	10503 10504 10505
3817	10507 10508 10509 10510
3818	10512 10513 10514 10515
3819	10517
3820	10519
3821	10521 10522 10523
3822	10525 10526 10527 10528
3823	10530
3824	10531
3825	10532
3826	10533
3827	10534 10535 10536 10537 10538
3828	10540 10541 10542
3829	10544 10545
3830	10547 10548 10549 10550 10551 10552 10553 10554
3831	10556 10557 10558
3832	10560 10561 10562 10563
3834	10565
3835	10567 10568 10569 10570 10571 10572
3836	10574
3837	10576
3838	10578 10579
3839	10581 10582
3840	10584 10585 10586 10587
3841	10589 10590 10591 10592 10593
3842	10595 10596 10597
3843	10599 10600 10601
3844	10603 10604 10605 10606 10607 10608
3845	10610
3846	10611 10612 10613 10614
3847	10616 10617 10618 10619
3848	10621 10622 10623 10624
3849	10626 10627 10628 10629
3850	10631 10632 10633
3851	10635 10636 10637
3852	10639 10640
3853	10642
3854	10643 10644
3855	10646 10647 10648 10649 10650 10651 10652
3856	10654 10655 10656 10657 10658
3857	10660 10661 10662 10663
3858	10665
3859	10666
3860	10668
3861	10670 10671
3862	10673 10674 10675 10676 10677
3863	10679 10680 10681 10682 10683
3864	10685 10686 10687 10688 10689 10690
3866	10692 10693 10694 10695
3867	10697 10698
3868	10700
3869	10702 10703
3870	10705
3871	10707 10708
3872	10710 10711 10712 10713 10714 10715 10716 10717 10718
3874	10720
3876	10721 10722
3877	10724 10725 10726 10727 10728
3878	10730 10731 10732 10733
3879	10735 10736 10737 10738 10739 10740
3881	10742 10743 10744 10745
3882	10747 10748 10749 10750
3883	10752
3884	10754
3885	10756
3886	10758 10759
3887	10761
3888	10762
3889	10764
3890	10766 10767 10768
3891	10770 10771 10772 10773
3892	10775
3893	10777 10778 10779 10780
3894	10782 10783 10784
3895	10786 10787
3896	10789 10790 10791
3897	10793 10794 10795 10796
3898	10798 10799 10800
3899	10802 10803 10804 10805
3900	10807 10808 10809 10810
3901	10812
3902	10814 10815
3903	10817 10818 10819 10820 10821
3904	10823 10824
3905	10826 10827 10828 10829 10830 10831
3906	10833
3907	10835 10836
3908	10838
3909	10840 10841 10842 10843 10844
3910	10846 10847 10848
3911	10850 10851 10852 10853 10854
3912	10856 10857
3913	10859 10860 10861
3914	10863 10864
3915	10866 10867 10868 10869 10870 10871 10872 10873 10874
3916	10876 10877
3917	10879 10880 10881 10882
3918	10884 10885 10886 10887 10888
3919	10890 10891 10892
3920	10894 10895 10896
3921	10898 10899 10900
3922	10902 10903 10904 10905
3923	10907 10908
3924	10910 10911
3925	10913
3926	10915 10916 10917 10918 10919
3927	10921 10922
3928	10924 10925
3929	10927 10928 10929
3930	10931
3931	10933 10934 10935 10936
3932	10938
3933	10939
3934	10941 10942 10943
3935	10945 10946
3936	10948
3937	10950 10951 10952 10953
3938	10955 10956 10957 10958 10959 10960
3939	10962
3940	10964
3941	10966
3942	10967 10968 10969 10970 10971 10972 10973
3943	10975
3944	10976
3945	10977 10978
3946	10980 10981 10982 10983
3947	10985 10986 10987 10988
3948	10990 10991 10992 10993
3949	10995
3950	10996 10997 10998 10999
3952	11001 11002 11003
3953	11005 11006 11007
3954	11009
3955	11011
3956	11013 11014 11015 11016 11017
3957	11019 11020 11021 11022 11023 11024
3958	11026 11027
3959	11029 11030 11031 11032 11033
3960	11035 11036 11037 11038 11039 11040
3961	11042 11043 11044
3962	11046 11047 11048 11049
3963	11051 11052 11053 11054
3964	11056
3965	11058 11059 11060
3966	11062 11063 11064 11065
3967	11067 11068 11069 11070 11071 11072
3968	11074
3969	11076
3970	11078
3971	11079 11080 11081 11082
3972	11084 11085 11086 11087 11088
3973	11090 11091 11092 11093 11094
3974	11096 11097
3975	11099
3976	11101 11102 11103 11104 11105
3977	11107
3978	11109
3979	11111
3980	11113 11114
3981	11116
3982	11118 11119 11120 11121 11122 11123
3983	11125
3984	11127
3985	11129 11130 11131 11132
3986	11134 11135 11136 11137
3987	11139 11140 11141
3989	11143 11144
3990	11146
3991	11147
3992	11148
3993	11150
3994	11151
3995	11152
3996	11153 11154
3997	11156 11157 11158
3998	11160 11161 11162 11163 11164
3999	11166 11167 11168 11169
4001	11171 11172
4002	11174 11175 11176 11177 11178
4003	11180 11181 11182
4004	11184
4005	11186
4006	11187 11188 11189
4007	11191 11192 11193
4008	11195 11196 11197
4009	11199 11200 11201
4010	11203
4011	11205
4012	11206 11207
4013	11209 11210 11211
4014	11213 11214 11215
4015	11217 11218 11219 11220 11221 11222
4016	11224
4017	11226 11227 11228
4018	11230 11231 11232 11233 11234 11235
4019	11237 11238 11239 11240 11241 11242 11243
4020	11245
4021	11247 11248
4022	11250 11251
4023	11253
4024	11254 11255 11256 11257 11258
4025	11260 11261 11262
4027	11264
4028	11266 11267 11268
4029	11270
4030	11271 11272 11273 11274
4031	11276 11277
4032	11279
4033	11281 11282
4034	11284 11285
4035	11287 11288 11289
4036	11291 11292 11293 11294
4037	11296 11297 11298
4038	11300 11301
4039	11303 11304 11305
4040	11307 11308 11309
4041	11311 11312
4042	11314 11315 11316 11317 11318
4043	11320
4044	11321 11322 11323
4045	11325 11326 11327
4046	11329 11330 11331
4047	11333
4048	11335 11336
4049	11338 11339
4050	11341 11342
4051	11344
4052	11346
4053	11348
4054	11349
4055	11351
4056	11352 11353 11354 11355 11356
4058	11358 11359
4059	11361 11362
4060	11364 11365
4061	11367 11368
4062	11370
4063	11371
4064	11373 11374
4065	11376 11377 11378 11379 11380
4066	11382 11383 11384
4067	11386 11387
4068	11389 11390 11391
4069	11393 11394
4070	11396 11397
4071	11399 11400 11401
4072	11403
4073	11404 11405 11406 11407
4074	11409 11410 11411
4075	11413 11414 11415
4076	11417 11418 11419 11420
4077	11422 11423 11424 11425 11426
4078	11428 11429 11430 11431 11432
4079	11434 11435
4080	11437 11438 11439
4081	11441 11442
4082	11444 11445 11446 11447
4083	11449
4084	11450 11451 11452 11453
4085	11455 11456 11457
4086	11459 11460 11461 11462
4087	11464
4088	11466 11467 11468
4089	11470 11471
4090	11473 11474
4091	11476 11477 11478 11479 11480
4092	11482 11483 11484
4093	11486
4094	11488 11489 11490
4095	11492 11493
4096	11495 11496 11497
4097	11499 11500 11501 11502 11503
4098	11505 11506 11507
4099	11509
4100	11511 11512
4101	11514 11515 11516
4102	11518 11519 11520 11521 11522
4103	11524 11525 11526
4104	11528 11529 11530 11531 11532 11533
4105	11535 11536 11537
4106	11539 11540 11541 11542
4107	11544 11545 11546
4108	11548 11549 11550 11551
4109	11553 11554 11555 11556 11557
4110	11559 11560 11561 11562 11563
4112	11565 11566 11567 11568
4113	11570 11571 11572 11573 11574
4114	11576 11577 11578
4115	11580 11581 11582
4116	11584 11585
4117	11587 11588 11589 11590 11591
4118	11593
4119	11594 11595 11596
4120	11598 11599 11600 11601
4121	11603 11604 11605 11606 11607
4122	11609 11610 11611
4123	11613
4124	11615 11616 11617 11618 11619 11620
4125	11622 11623 11624 11625
4126	11627 11628
4127	11630 11631 11632
4129	11634 11635 11636 11637 11638 11639
4130	11641 11642 11643 11644 11645
4131	11647 11648 11649
4132	11651 11652 11653
4133	11655 11656 11657 11658 11659
4134	11661 11662 11663 11664 11665
4135	11667
4136	11669 11670
4137	11672 11673 11674 11675 11676 11677 11678 11679
4138	11681 11682 11683 11684
4139	11686
4140	11688 11689
4141	11691
4142	11692
4143	11693
4144	11695 11696 11697
4145	11699 11700
4146	11702 11703 11704 11705 11706
4147	11708 11709 11710
4148	11712 11713 11714 11715
4149	11717 11718 11719
4150	11721 11722 11723
4151	11725
4152	11726 11727 11728 11729
4153	11731 11732 11733 11734 11735 11736
4154	11738 11739 11740
4155	11742 11743 11744 11745 11746
4156	11748 11749 11750
4157	11752
4158	11754
4159	11756 11757
4160	11759 11760 11761 11762 11763
4161	11765
4162	11767 11768 11769
4163	11771 11772 11773 11774 11775
4164	11777 11778 11779
4165	11781 11782 11783 11784 11785 11786 11787
4166	11789 11790 11791
4167	11793 11794
4168	11796
4169	11798 11799 11800 11801 11802
4170	11804 11805 11806 11807
4171	11809 11810
4172	11812 11813
4173	11815
4174	11817
4175	11819
4176	11820 11821
4177	11823 11824
4178	11826 11827 11828 11829 11830 11831
4179	11833 11834
4180	11836 11837 11838 11839 11840
4181	11842
4182	11843 11844 11845 11846 11847
4183	11849 11850 11851 11852 11853
4184	11855 11856
4185	11858
4186	11860
4187	11861 11862 11863 11864 11865 11866 11867
4188	11869
4189	11870
4190	11872 11873 11874 11875 11876 11877 11878 11879
4191	11881 11882 11883 11884 11885
4192	11887 11888 11889 11890
4193	11892 11893 11894
4194	11896 11897 11898 11899 11900
4195	11902 11903
4196	11905 11906 11907 11908
4197	11910 11911 11912 11913 11914
4198	11916
4199	11918 11919 11920
4200	11922
4201	11923 11924 11925 11926 11927
4202	11929 11930 11931 11932 11933
4204	11935 11936 11937
4205	11939
4206	11941 11942 11943 11944 11945 11946
4207	11948 11949 11950
4208	11952
4209	11953
4210	11955
4211	11957 11958 11959 11960
4212	11962 11963 11964 11965
4213	11967 11968
4214	11970 11971 11972 11973 11974
4215	11976 11977 11978
4216	11980 11981 11982 11983
4217	11985 11986 11987 11988 11989 11990 11991 11992 11993
4218	11995 11996 11997
4219	11999 12000 12001
4220	12003 12004 12005 12006
4221	12008 12009 12010
4222	12012 12013 12014
4223	12016 12017 12018 12019 12020 12021
4224	12023 12024 12025 12026 12027
4225	12029
4226	12031 12032 12033
4227	12035 12036
4228	12038 12039 12040 12041
4229	12043 12044
4230	12046 12047 12048
4231	12050
4232	12052 12053 12054
4233	12056 12057 12058
4234	12060 12061 12062 12063 12064
4235	12066 12067 12068 12069 12070 12071
4236	12073 12074 12075
4237	12077
4238	12078 12079
4239	12081
4240	12083 12084 12085 12086
4241	12088
4242	12090 12091
4243	12093 12094 12095 12096 12097
4244	12099 12100 12101 12102
4245	12104 12105 12106
4246	12108 12109
4247	12111
4248	12112
4249	12113 12114 12115 12116
4250	12118
4251	12120 12121 12122 12123 12124
4252	12126 12127
4254	12129 12130
4255	12132 12133 12134 12135
4256	12137 12138
4257	12140 12141 12142 12143 12144
4258	12146 12147 12148 12149
4259	12151 12152 12153 12154
4260	12156 12157 12158
4261	12160 12161 12162 12163
4262	12165 12166 12167 12168 12169 12170
4264	12172 12173 12174
4265	12176 12177 12178 12179
4266	12181 12182 12183 12184
4267	12186 12187 12188 12189 12190
4268	12192 12193 12194 12195
4269	12197 12198
4270	12200 12201
4271	12203
4272	12205 12206 12207 12208 12209 12210 12211 12212
4273	12214 12215 12216
4274	12218 12219 12220 12221 12222
4275	12224 12225 12226 12227
4277	12229 12230 12231 12232 12233 12234
4278	12236
4279	12238
4280	12239 12240 12241 12242
4281	12244 12245 12246 12247
4282	12249
4283	12251 12252
4284	12254 12255
4285	12257 12258 12259
4286	12261 12262 12263
4287	12265
4288	12267 12268 12269 12270
4289	12272 12273
4290	12275 12276
4291	12278 12279 12280 12281 12282
4292	12284 12285 12286 12287 12288 12289
4293	12291 12292 12293 12294 12295 12296
4294	12298 12299 12300 12301 12302
4295	12304 12305
4296	12307 12308 12309
4297	12311 12312 12313 12314 12315 12316 12317
4298	12319 12320
4299	12322 12323 12324 12325 12326
4300	12328 12329
4301	12331 12332 12333
4302	12335 12336 12337 12338 12339 12340
4303	12342 12343 12344 12345 12346 12347 12348 12349
4304	12351 12352
4305	12354 12355 12356 12357 12358
4306	12360 12361 12362
4307	12364
4308	12365 12366 12367 12368 12369
4309	12371
4310	12373 12374
4311	12376
4312	12378 12379 12380 12381
4313	12383 12384 12385
4314	12387 12388 12389 12390 12391 12392
4315	12394
4316	12396 12397 12398 12399 12400 12401 12402
4317	12404
4318	12406 12407
4319	12409 12410 12411 12412 12413
4320	12415 12416 12417 12418
4321	12420 12421 12422 12423 12424
4322	12426 12427 12428 12429
4323	12431 12432 12433 12434
4324	12436 12437 12438
4325	12440 12441 12442
4326	12444 12445 12446 12447
4327	12449
4328	12451 12452
4329	12454 12455
4330	12457 12458 12459 12460 12461
4331	12463 12464
4332	12466
4333	12468
4334	12469 12470 12471 12472
4335	12474 12475 12476 12477 12478 12479
4336	12481 12482 12483 12484 12485
4337	12487 12488
4338	12490 12491 12492 12493 12494 12495 12496 12497 12498 12499
4339	12501 12502
4340	12504 12505 12506 12507 12508
4341	12510 12511
4342	12513 12514 12515 12516
4343	12518
4344	12520 12521
4345	12523 12524
4347	12526
4348	12528 12529 12530 12531
4349	12533 12534 12535
4351	12537 12538 12539
4352	12541 12542 12543
4353	12545 12546 12547 12548 12549
4354	12551
4355	12553 12554 12555
4356	12557 12558
4357	12560 12561
4358	12563 12564
4359	12566 12567
4360	12569 12570
4361	12572 12573 12574
4362	12576 12577 12578 12579 12580
4363	12582 12583
4364	12585 12586 12587 12588 12589 12590 12591 12592
4365	12594
4366	12596
4367	12597 12598 12599 12600
4368	12602 12603 12604
4369	12606 12607 12608
4370	12610 12611
4371	12613 12614 12615
4372	12617 12618 12619
4373	12621 12622
4374	12624
4375	12626 12627 12628 12629
4376	12631 12632 12633 12634 12635 12636 12637 12638 12639
4377	12641
4378	12643
4379	12645
4380	12647 12648 12649
4381	12651 12652
4382	12654
4383	12656
4384	12658 12659 12660
4385	12662
4386	12664
4387	12665 12666 12667 12668 12669 12670 12671
4388	12673 12674 12675
4389	12677 12678 12679 12680 12681 12682
4390	12684
4391	12686 12687 12688 12689 12690
4392	12692 12693 12694 12695
4393	12697
4394	12699 12700 12701
4395	12703 12704
4396	12706
4397	12708 12709 12710
4398	12712 12713 12714 12715
4400	12717 12718
4401	12720 12721 12722
4402	12724
4403	12726 12727 12728 12729
4404	12731 12732
4405	12734
4406	12736 12737 12738 12739 12740 12741 12742
4407	12744 12745
4408	12747 12748 12749
4409	12751
4410	12753 12754 12755
4411	12757
4412	12759 12760 12761 12762 12763
4413	12765 12766
4414	12768 12769
4415	12771 12772 12773
4416	12775 12776 12777 12778 12779 12780
4417	12782 12783 12784
4418	12786 12787 12788
4419	12790
4420	12791 12792
4422	12794
4423	12796
4424	12797 12798
4425	12800
4426	12801 12802 12803 12804 12805 12806
4427	12808 12809 12810 12811
4428	12813 12814
4429	12816
4430	12817 12818 12819 12820
4431	12822 12823 12824 12825
4432	12827 12828 12829 12830
4433	12832 12833 12834 12835
4434	12837 12838 12839 12840 12841
4435	12843 12844 12845
4436	12847
4437	12848 12849 12850 12851 12852 12853 12854 12855
4439	12857 12858
4440	12860 12861 12862 12863 12864
4441	12866 12867 12868 12869 12870
4442	12872 12873 12874 12875
4443	12877 12878
4444	12880 12881 12882 12883
4445	12885 12886 12887 12888 12889
4447	12891
4448	12892 12893 12894 12895
4449	12897 12898
4450	12900 12901
4451	12903
4452	12904
4453	12906 12907 12908 12909 12910 12911 12912
4454	12914
4455	12915 12916 12917 12918 12919 12920 12921
4456	12923 12924 12925 12926
4457	12928
4458	12930
4459	12932 12933 12934 12935
4460	12937 12938
4461	12940 12941 12942
4462	12944 12945 12946
4463	12948 12949 12950
4464	12952 12953 12954 12955 12956 12957 12958
4465	12960
4466	12962 12963
4467	12965 12966 12967
4468	12969 12970 12971
4469	12973 12974
4470	12976 12977 12978 12979
4471	12981 12982 12983
4472	12985
4473	12986 12987 12988
4474	12990 12991 12992
4475	12994
4477	12996
4478	12998 12999
4479	13001 13002 13003
4480	13005
4481	13007
4482	13009 13010
4483	13012
4484	13014 13015
4485	13017 13018 13019
4486	13021 13022 13023 13024 13025
4487	13027 13028 13029 13030 13031 13032
4488	13034 13035
4489	13037 13038
4490	13040
4491	13041
4492	13042 13043 13044
4493	13046 13047 13048
4494	13050 13051 13052 13053 13054 13055 13056 13057
4495	13059 13060 13061 13062 13063 13064
4496	13066
4497	13067
4498	13069 13070 13071 13072
4499	13074 13075 13076 13077 13078
4500	13080 13081 13082
4501	13084 13085 13086 13087
4502	13089 13090 13091
4503	13093 13094 13095 13096
4504	13098 13099 13100 13101
4505	13103 13104 13105 13106
4506	13108
4507	13109
4508	13111 13112 13113 13114 13115
4509	13117 13118 13119 13120 13121
4510	13123 13124 13125 13126 13127 13128
4511	13130 13131
4512	13133 13134 13135 13136 13137
4513	13139
4514	13141
4515	13142 13143 13144 13145 13146 13147
4516	13149
4517	13151
4518	13152
4519	13154
4520	13156 13157
4521	13159
4522	13160 13161
4523	13163 13164 13165 13166 13167
4524	13169 13170 13171 13172 13173 13174 13175
4525	13177 13178 13179 13180 13181
4526	13183 13184 13185 13186 13187 13188 13189 13190
4527	13192 13193 13194 13195
4528	13197
4529	13199 13200 13201
4530	13203
4531	13205 13206 13207 13208 13209 13210
4532	13212 13213
4533	13215 13216
4534	13218
4535	13220 13221
4536	13223 13224 13225
4537	13227 13228 13229 13230 13231
4538	13233 13234 13235
4539	13237 13238
4540	13240 13241 13242 13243
4541	13245 13246 13247
4542	13249 13250
4543	13252 13253
4544	13255 13256 13257 13258
4546	13260 13261 13262
4547	13264
4548	13266 13267 13268 13269 13270 13271
4550	13273 13274 13275 13276 13277
4551	13279
4552	13281 13282
4553	13284
4554	13286 13287 13288
4555	13290 13291 13292 13293
4556	13295 13296 13297
4557	13299 13300 13301
4558	13303 13304
4559	13306 13307 13308
4560	13310
4561	13312 13313 13314
4562	13316
4563	13318 13319 13320 13321
4564	13323 13324 13325 13326 13327
4565	13329
4566	13330 13331 13332 13333 13334
4567	13336 13337 13338 13339 13340
4569	13342 13343
4570	13345
4571	13347 13348
4572	13350 13351 13352 13353
4573	13355 13356 13357 13358 13359 13360
4574	13362 13363 13364 13365 13366
4575	13368 13369 13370
4576	13372 13373 13374
4577	13376 13377
4578	13379 13380 13381
4579	13383 13384 13385 13386
4580	13388
4581	13390
4582	13392 13393 13394
4583	13396
4584	13398 13399 13400 13401
4585	13403 13404 13405 13406
4586	13408 13409
4587	13411
4588	13412 13413 13414 13415
4589	13417 13418 13419 13420
4590	13422
4591	13423 13424
4592	13426 13427 13428 13429 13430
4593	13432 13433 13434
4594	13436 13437 13438 13439 13440 13441
4595	13443
4596	13445 13446 13447 13448
4597	13450 13451
4598	13453 13454 13455 13456
4599	13458
4600	13460 13461
4601	13463 13464 13465 13466 13467 13468
4602	13470
4603	13471 13472 13473
4604	13475
4605	13477 13478
4606	13480 13481 13482 13483
4607	13485 13486
4608	13488 13489 13490
4609	13492
4610	13494 13495 13496
4611	13498
4612	13500
4613	13502 13503 13504
4614	13506 13507 13508 13509
4615	13511
4616	13513 13514 13515 13516 13517
4617	13519 13520
4618	13522 13523 13524 13525
4619	13527
4620	13529 13530
4621	13532
4622	13533 13534 13535
4623	13537 13538 13539 13540 13541 13542
4624	13544 13545 13546 13547 13548 13549
4625	13551
4626	13553 13554
4627	13556
4628	13558 13559 13560 13561 13562 13563
4629	13565 13566 13567
4630	13569
4631	13570
4632	13571 13572 13573 13574
4633	13576 13577 13578
4634	13580 13581
4635	13583 13584 13585
4636	13587 13588 13589
4637	13591 13592 13593 13594
4638	13596 13597 13598
4639	13600
4640	13601 13602
4641	13604 13605 13606 13607
4642	13609
4643	13611 13612 13613 13614 13615
4644	13617
4645	13619 13620 13621 13622 13623 13624 13625
4646	13627 13628 13629 13630 13631
4647	13633
4648	13635 13636 13637
4649	13639 13640 13641 13642
4650	13644 13645 13646 13647
4651	13649 13650
4652	13652 13653 13654
4653	13656
4654	13658 13659
4655	13661 13662 13663
4656	13665 13666 13667 13668 13669 13670 13671 13672
4657	13674 13675 13676 13677
4658	13679 13680
4659	13682 13683 13684
4660	13686 13687
4661	13689 13690 13691 13692 13693 13694
4662	13696 13697 13698 13699
4663	13701 13702
4664	13704 13705
4665	13707 13708 13709
4666	13711 13712 13713 13714 13715
4667	13717 13718 13719 13720 13721 13722 13723
4668	13725 13726
4669	13728 13729 13730 13731
4670	13733 13734
4671	13736 13737 13738 13739 13740 13741 13742
4672	13744 13745
4673	13747 13748
4674	13750 13751
4675	13753 13754 13755
4676	13757 13758
4677	13760 13761
4678	13763 13764
4679	13766 13767 13768 13769 13770 13771
4680	13773 13774 13775
4681	13777 13778 13779
4682	13781 13782
4683	13784 13785 13786 13787 13788 13789 13790 13791
4684	13793 13794 13795
4685	13797 13798 13799 13800 13801
4686	13803 13804 13805 13806 13807
4687	13809 13810 13811
4688	13813 13814 13815 13816
4689	13818 13819
4690	13821 13822 13823
4691	13825 13826
4692	13828 13829 13830
4693	13832 13833 13834 13835 13836 13837
4694	13839 13840 13841 13842 13843 13844 13845
4695	13847 13848 13849 13850 13851 13852 13853 13854
4696	13856 13857
4697	13859 13860 13861 13862
4698	13864 13865
4699	13867 13868 13869 13870 13871
4700	13873 13874 13875 13876 13877
4701	13879
4702	13880
4703	13882
4704	13883 13884 13885
4705	13887 13888 13889 13890
4706	13892 13893
4707	13895
4708	13897 13898 13899 13900
4709	13902 13903
4710	13905 13906 13907
4711	13909 13910 13911
4712	13913 13914 13915 13916
4713	13918
4714	13920
4715	13922 13923 13924 13925
4716	13927
4717	13929 13930 13931 13932
4718	13934 13935
4719	13937 13938 13939 13940 13941 13942
4720	13944 13945 13946 13947 13948
4721	13950 13951 13952 13953 13954 13955 13956
4722	13958 13959 13960 13961
4723	13963 13964
4724	13966
4725	13968 13969 13970
4726	13972 13973 13974
4727	13976 13977 13978
4728	13980 13981 13982
4729	13984 13985
4730	13987
4731	13989
4732	13990
4733	13991 13992 13993
4734	13995 13996
4735	13998 13999 14000 14001
4736	14003 14004 14005
4737	14007
4738	14008 14009
4739	14011
4740	14013 14014 14015
4741	14017 14018 14019 14020 14021 14022
4742	14024 14025 14026
4743	14028 14029 14030 14031
4744	14033 14034 14035 14036
4745	14038 14039 14040 14041 14042 14043
4746	14045 14046 14047 14048 14049
4747	14051 14052 14053 14054
4748	14056 14057 14058 14059
4749	14061 14062 14063
4750	14065 14066 14067
4751	14069 14070
4752	14072 14073
4753	14075 14076 14077 14078 14079
4755	14081
4756	14082 14083 14084 14085 14086
4757	14088 14089
4758	14091 14092 14093
4759	14095
4760	14097 14098 14099
4761	14101 14102 14103
4762	14105 14106 14107 14108 14109
4763	14111 14112
4764	14114 14115
4765	14117 14118
4766	14120 14121 14122
4768	14124
4769	14125 14126 14127 14128
4770	14130 14131
4771	14133 14134
4772	14136 14137 14138
4773	14140 14141 14142 14143 14144 14145
4774	14147
4775	14149
4776	14150 14151 14152
4778	14154 14155 14156 14157
4779	14159 14160 14161 14162 14163 14164
4780	14166 14167 14168 14169 14170 14171
4781	14173 14174
4782	14176 14177 14178 14179
4783	14181 14182 14183 14184 14185 14186
4784	14188
4785	14190 14191 14192 14193
4786	14195 14196
4787	14198 14199 14200 14201 14202
4788	14204 14205 14206 14207
4789	14209 14210 14211 14212
4790	14214 14215
4791	14217
4792	14219
4793	14221 14222 14223 14224
4794	14226 14227 14228
4795	14230
4796	14231 14232 14233 14234
4797	14236 14237 14238 14239
4798	14241 14242
4799	14244 14245 14246 14247 14248 14249
4800	14251 14252 14253 14254
4801	14256
4802	14258
4803	14259 14260
4804	14262 14263 14264 14265 14266
4805	14268
4806	14270 14271 14272
4807	14274 14275 14276 14277 14278
4808	14280 14281
4809	14283 14284 14285 14286 14287
4810	14289
4811	14291 14292
4812	14294 14295 14296
4813	14298 14299
4814	14301 14302 14303 14304 14305
4815	14307
4816	14308
4817	14309 14310 14311 14312
4818	14314 14315
4819	14317 14318 14319 14320
4820	14322 14323 14324 14325 14326 14327
4821	14329 14330 14331
4822	14333 14334 14335 14336 14337
4823	14339 14340 14341
4824	14343
4825	14344 14345 14346 14347 14348
4826	14350 14351 14352 14353 14354
4827	14356 14357 14358
4828	14360 14361 14362 14363 14364 14365
4829	14367
4830	14368 14369 14370
4831	14372 14373 14374 14375 14376 14377
4832	14379 14380 14381 14382
4833	14384 14385
4834	14387
4835	14388 14389 14390 14391 14392
4836	14394 14395 14396 14397
4837	14399 14400 14401
4838	14403 14404
4839	14406 14407 14408
4840	14410 14411 14412
4841	14414 14415 14416
4842	14418 14419 14420 14421
4843	14423 14424
4844	14426
4845	14427 14428
4846	14430
4847	14432 14433 14434
4848	14436 14437
4849	14439 14440
4850	14442
4851	14444 14445 14446 14447
4852	14449 14450 14451 14452 14453 14454 14455
4853	14457 14458 14459 14460
4854	14462 14463
4855	14465 14466 14467
4856	14469 14470
4857	14472
4858	14474 14475
4859	14477 14478 14479
4860	14481 14482 14483 14484 14485
4861	14487 14488
4862	14490 14491 14492 14493
4863	14495
4864	14497 14498 14499 14500 14501 14502 14503 14504 14505
4865	14507
4866	14509 14510
4867	14512 14513 14514 14515
4868	14517 14518 14519 14520
4869	14522 14523
4870	14525 14526
4871	14528 14529
4872	14531 14532 14533
4873	14535 14536
4874	14538
4875	14540 14541 14542 14543 14544 14545 14546
4876	14548 14549
4877	14551 14552 14553 14554 14555
4878	14557 14558
4879	14560 14561 14562
4880	14564
4881	14566 14567
4882	14569
4883	14571 14572 14573 14574
4884	14576
4885	14577
4886	14578 14579 14580
4887	14582 14583
4888	14585
4889	14587
4890	14588 14589 14590 14591
4891	14593 14594 14595 14596
4892	14598 14599
4893	14601 14602 14603
4894	14605 14606
4895	14608 14609 14610
4896	14612 14613
4897	14615 14616 14617
4898	14619 14620
4899	14622 14623 14624
4900	14626
4901	14628 14629
4902	14631 14632
4903	14634
4904	14636
4905	14637
4906	14638 14639 14640
4907	14642
4908	14644 14645
4909	14647
4910	14649 14650
4911	14652 14653
4913	14655 14656
4914	14658 14659 14660
4915	14662 14663 14664 14665 14666 14667
4916	14669 14670 14671 14672
4917	14674 14675
4918	14677
4919	14678
4920	14680
4922	14682 14683 14684 14685
4923	14687 14688 14689 14690
4924	14692 14693 14694 14695 14696
4925	14698 14699 14700
4926	14702
4927	14703
4928	14705
4929	14706 14707 14708
4930	14710
4931	14711 14712 14713 14714
4932	14716 14717 14718 14719 14720
4933	14722 14723 14724 14725 14726 14727 14728 14729
4934	14731 14732 14733
4935	14735 14736
4936	14738
4937	14740 14741 14742 14743 14744 14745
4938	14747 14748 14749 14750 14751
4939	14753 14754 14755 14756
4940	14758 14759
4941	14761 14762 14763 14764 14765 14766 14767 14768
4942	14770 14771 14772
4943	14774 14775
4944	14777 14778 14779
4945	14781
4946	14782 14783 14784 14785
4947	14787 14788 14789 14790
4948	14792
4949	14794
4950	14795 14796
4951	14798 14799 14800 14801 14802
4952	14804 14805 14806 14807 14808 14809
4953	14811 14812 14813
4954	14815 14816 14817
4955	14819 14820
4956	14822 14823
4957	14825 14826
4958	14828 14829 14830 14831
4959	14833 14834 14835 14836
4960	14838 14839 14840
4961	14842
4962	14843 14844 14845 14846
4963	14848 14849 14850
4964	14852
4965	14854
4966	14856
4967	14858 14859 14860 14861
4968	14863 14864
4969	14866 14867 14868 14869
4970	14871 14872
4971	14874 14875
4972	14877 14878 14879 14880 14881
4973	14883
4974	14884
4975	14886 14887 14888 14889
4976	14891
4977	14893
4978	14895
4979	14896 14897
4980	14899
4981	14900
4982	14902
4983	14903 14904
4984	14906 14907
4985	14909 14910 14911
4986	14913 14914 14915
4987	14917 14918
4988	14920 14921 14922 14923
4989	14925 14926
4990	14928 14929
4991	14931 14932 14933 14934
4992	14936 14937 14938
4993	14940 14941 14942 14943
4994	14945
4995	14946
4996	14948 14949
4997	14951
4998	14953
4999	14954 14955 14956 14957 14958
5000	14960 14961
