9	22	11	20140316
13	37	37	20140608
38	23	31	20141027
42	59	74	20141024
121	27	23	20150711
151	61	65	20140905
154	18	3	20140809
166	100	17	20141109
250	133	74	20150207
256	4	33	20140401
296	17	159	20141211
320	43	16	20141127
324	4	68	20141006
397	21	73	20140606
404	16	21	20140814
418	17	3	20140811
501	17	70	20140325
532	43	4	20140312
568	37	130	20140206
584	55	50	20140528
598	49	4	20140206
605	25	21	20140619
648	28	17	20140831
809	120	55	20140705
825	82	26	20140822
827	21	21	20140530
830	74	24	20140624
870	21	117	20140415
888	113	10	20140815
939	14	70	20140603
952	45	24	20140808
968	21	40	20140923
984	1	157	20140101
1088	17	118	20141009
1121	20	73	20140419
1141	29	2	20150607
1143	52	4	20150609
1186	18	37	20150308
1405	21	80	20140523
1434	55	4	20140409
1437	0	70	20140615
1471	114	19	20140106
1477	19	76	20140417
1582	102	76	20140110
1606	24	77	20140517
1610	2	94	20140201
1614	1	26	20140107
1619	23	3	20140908
1628	23	25	20140419
1668	21	19	20140607
1723	48	43	20140228
1726	21	40	20140111
1741	8	73	20140117
1778	65	2	20150307
1798	18	17	20150203
1802	37	59	20141003
1829	2	35	20140416
1841	31	49	20140513
1845	56	63	20140130
1891	21	68	20140413
2039	7	50	20150212
2090	3	36	20150607
2125	79	0	20150220
2175	22	39	20150526
2177	6	4	20141027
2194	21	158	20140828
2240	4	1	20140401
2250	37	37	20140828
2324	6	43	20140601
2327	22	37	20140614
2403	57	17	20140201
2415	1	122	20140318
2436	15	31	20140805
2444	48	1	20140307
2534	0	105	20141030
2622	49	1	20140713
2666	22	10	20150528
2679	6	73	20150129
2731	28	65	20150801
2738	25	3	20141107
2768	92	69	20140907
2795	69	11	20150412
2823	62	95	20140125
2827	8	21	20140718
2831	51	23	20140208
2864	10	70	20140814
2867	35	1	20140911
2875	7	56	20150130
2896	73	4	20141013
2915	23	22	20150617
2960	6	4	20150304
2992	28	3	20140623
3015	122	1	20140128
3024	63	3	20140522
3094	0	1	20140815
3108	7	72	20141114
3121	65	22	20150217
3142	70	4	20140327
3252	4	79	20140317
3260	6	113	20140707
3270	70	61	20140312
3295	28	56	20150111
3299	114	33	20140528
3357	56	75	20150501
3459	43	4	20140129
3463	51	44	20150803
3518	17	3	20140619
3528	6	118	20140207
3556	75	3	20141212
3565	1	1	20140724
3576	1	51	20140629
3617	118	15	20140514
3637	1	48	20140326
3755	82	164	20140115
3759	1	1	20140107
3767	52	37	20140222
3782	18	16	20151114
3796	23	48	20140211
3818	157	70	20141122
3837	127	52	20140222
3859	65	24	20140629
3909	49	11	20140429
3951	96	36	20140818
3998	4	1	20140307
4003	49	3	20150701
4061	100	70	20141026
4084	63	4	20141020
4086	18	16	20140530
4185	20	15	20140121
4195	22	2	20140502
4247	70	13	20140626
4259	95	26	20140530
4268	12	159	20140526
4287	37	39	20150121
4316	126	52	20140128
4378	79	1	20140220
4392	4	20	20140129
4424	3	58	20140707
4436	6	75	20140111
4470	31	1	20140511
4494	1	4	20141022
4507	1	72	20140508
4522	52	70	20140220
4543	1	94	20140419
4587	0	37	20140709
4632	0	4	20141216
4812	6	21	20140511
4847	7	17	20140621
4878	113	23	20140111
4882	0	11	20140406
4923	68	50	20151002
4925	2	114	20140603
4988	7	43	20140825
4999	118	19	20140419
5022	1	69	20140205
5037	3	64	20140827
5053	50	67	20150828
5082	22	59	20140904
5085	1	49	20140108
5096	1	43	20141122
5108	37	70	20140201
5124	106	40	20140726
5136	18	0	20150502
5155	0	70	20141018
5164	4	61	20140107
5242	1	6	20150209
5257	18	50	20140612
5275	6	7	20150222
5306	18	13	20141215
5327	6	37	20150314
5358	4	16	20140921
5361	4	73	20140117
5458	30	24	20140820
5483	1	98	20140817
5499	45	70	20150324
5532	23	58	20140511
5546	0	14	20150601
5575	28	1	20141223
5615	6	37	20140629
5636	7	102	20150116
5658	64	73	20140214
5685	76	70	20140504
5728	49	4	20150112
5739	21	43	20140124
5756	64	16	20140104
5766	48	37	20140813
5770	15	11	20140402
5790	48	155	20141026
5794	10	49	20140908
5805	63	127	20141210
5845	151	79	20140114
5854	1	100	20140901
5936	3	75	20150201
5977	34	88	20141121
6055	17	38	20141217
6067	18	74	20150902
6099	13	10	20140328
6139	24	56	20150120
6173	14	69	20141014
6231	151	69	20141030
6250	9	4	20140216
6254	1	4	20140129
6272	28	35	20150519
6291	17	37	20140402
6324	71	59	20140223
6338	1	26	20140205
6345	75	64	20141118
6370	63	84	20140901
6389	31	79	20140112
6448	0	16	20150122
6456	47	21	20140820
6460	24	3	20150201
6491	82	31	20141203
6495	21	1	20150224
6513	26	135	20140618
6539	74	50	20140528
6543	34	94	20140218
6569	18	3	20140611
6584	7	12	20150515
6603	37	4	20140317
6605	1	59	20140820
6703	44	52	20140625
6718	19	17	20140902
6723	1	37	20140920
6727	7	35	20140128
6736	158	69	20140218
6739	37	73	20150512
6761	114	17	20140805
6779	56	48	20150225
6793	3	10	20140530
6796	75	86	20141126
6803	114	82	20140413
6812	1	4	20150504
6819	2	49	20150501
6828	70	42	20140610
6834	63	37	20140904
6869	65	52	20140213
6886	13	82	20141117
6897	4	7	20140217
6954	14	69	20140107
6970	18	73	20140724
7034	24	73	20140919
7062	2	4	20141020
7077	24	24	20140209
7100	17	21	20140509
7104	1	50	20150803
7110	24	24	20141031
7112	73	19	20140206
7120	0	39	20140330
7139	8	68	20141228
7144	16	19	20140509
7161	26	70	20140206
7169	70	79	20140616
7171	15	74	20140412
7192	37	19	20150410
7195	6	97	20140128
7222	0	11	20140106
7240	37	1	20140103
7283	7	73	20140508
7292	88	21	20140726
7298	16	40	20141103
7307	9	73	20150123
7354	6	95	20140308
7357	65	58	20140715
7370	69	4	20140221
7378	73	70	20140620
7423	22	133	20140621
7439	4	58	20140215
7508	0	60	20140323
7510	20	69	20150519
7534	48	123	20140731
7555	3	23	20140702
7571	65	13	20140813
7632	1	37	20140714
7635	20	141	20140214
7685	60	77	20141130
7703	22	55	20140805
7722	113	82	20140308
7757	87	88	20140124
7778	11	55	20140321
7840	37	135	20140201
7925	1	16	20140825
7928	22	122	20150623
7931	21	37	20140401
7985	24	113	20150619
8071	82	73	20140103
8163	34	11	20140207
8172	122	107	20140122
8199	23	49	20140213
8210	114	17	20140507
8269	4	141	20140910
8283	6	3	20140303
8287	27	70	20140517
8317	39	68	20140207
8339	37	3	20140201
8356	63	24	20140810
8360	3	17	20140106
8366	16	4	20140129
8468	29	21	20140731
8532	2	73	20140918
8544	6	82	20150508
8550	18	17	20140318
8560	91	33	20141005
8566	34	113	20140819
8615	21	24	20141014
8637	27	43	20140528
8678	14	27	20140423
8700	6	16	20140607
8726	4	43	20141027
8738	10	74	20140101
8755	21	24	20140619
8783	50	4	20140118
8793	44	117	20140913
8804	71	69	20140722
8823	0	10	20140420
8865	3	127	20140831
8869	34	16	20140415
8872	26	123	20140709
8891	37	68	20140103
8895	17	95	20141025
8897	4	69	20140327
8951	21	70	20140828
8958	50	102	20140124
8975	113	43	20140907
8979	6	43	20140113
9008	16	16	20140619
9027	17	24	20140306
9045	3	17	20140208
9063	73	80	20141016
9118	7	11	20140201
9121	36	99	20141007
9128	82	113	20140517
9204	73	37	20140203
9239	74	59	20140219
9243	18	70	20140116
9255	20	3	20140803
9269	39	73	20140515
9287	0	52	20140228
9289	6	4	20140503
9295	22	3	20150205
9297	28	64	20150225
9312	1	23	20150606
9341	85	19	20140529
9359	49	82	20141115
9371	6	165	20140421
9404	4	115	20140505
9411	21	127	20140201
9414	1	40	20140610
9421	0	46	20140424
9467	18	21	20150302
9517	70	63	20140628
9543	18	2	20140321
9598	3	50	20140502
9613	55	117	20140123
9641	3	23	20140506
9655	1	24	20140503
9670	137	26	20140527
9711	63	161	20140517
9764	7	68	20140413
9769	0	4	20140619
9842	28	4	20140905
9871	7	53	20140201
9879	4	73	20141102
9882	28	113	20140303
9920	3	70	20140326
9928	1	4	20140427
9964	37	2	20140829
10005	10	127	20141028
10047	4	3	20141213
10069	37	16	20140117
10087	122	19	20140726
10090	7	30	20140821
10094	49	74	20141105
10157	12	1	20140216
10176	9	4	20141012
10179	50	4	20140618
10189	4	37	20140124
10195	84	11	20140111
10226	11	65	20140309
10232	74	49	20140614
10258	26	37	20140409
10280	21	0	20140730
10283	3	16	20140610
10285	40	114	20141126
10312	23	142	20140301
10314	8	37	20150627
10368	19	1	20140815
10431	117	37	20140215
10455	21	0	20140111
10462	16	43	20140912
10483	0	118	20140403
10497	25	19	20140601
10509	49	2	20140217
10558	49	3	20140603
10586	18	19	20141224
10597	114	42	20140111
10609	49	74	20141223
10635	43	31	20140213
10647	6	49	20140613
10655	7	4	20140103
10658	6	4	20140704
10694	3	26	20140524
10716	75	21	20140108
10733	1	1	20140416
10741	22	19	20151018
10762	79	35	20140401
10782	17	17	20140117
10811	50	135	20140110
10817	3	16	20140311
10849	40	135	20140613
10856	16	44	20140214
10866	43	55	20140311
10885	0	4	20140122
10926	69	109	20140420
10966	19	55	20140402
11013	1	16	20150214
11015	74	21	20140220
11018	0	5	20150725
11070	37	21	20141019
11116	118	13	20140821
11121	100	82	20140425
11138	18	110	20140311
11154	2	37	20140531
11157	65	69	20140122
11179	49	73	20140502
11210	74	3	20140209
11273	48	43	20140822
11306	2	4	20140125
11331	0	37	20140804
11349	79	74	20140705
11381	130	70	20140320
11391	16	80	20140101
11416	73	11	20141008
11442	12	3	20140403
11449	5	32	20141026
11451	2	17	20140930
11489	4	69	20140418
11498	49	25	20140401
11500	55	19	20140331
11508	6	61	20140108
11530	19	71	20140321
11545	113	23	20140423
11549	15	4	20140302
11607	2	1	20140825
11627	73	19	20140325
11630	10	11	20140710
11643	1	72	20140430
11719	34	10	20140714
11726	82	63	20140111
11747	21	37	20140610
11764	73	37	20140603
11798	56	17	20140416
11801	9	70	20140204
11820	20	88	20140720
11822	20	15	20140904
11826	3	159	20140429
11834	22	4	20140120
11846	26	26	20140525
11914	39	3	20140825
11933	1	69	20140816
11948	37	25	20140919
11957	20	69	20140805
11982	23	68	20140315
11991	1	6	20140607
12013	24	23	20140422
12017	16	15	20141110
12024	1	23	20140709
12041	105	99	20140814
12059	23	68	20140607
12071	59	4	20140425
12074	22	44	20140913
12086	8	69	20150407
12095	70	1	20140121
12108	22	19	20140924
12118	19	13	20140424
12140	6	113	20140322
12155	25	23	20140301
12199	21	135	20141019
12210	37	1	20150505
12212	11	24	20140605
12238	24	44	20141129
12244	65	124	20140406
12256	73	76	20140421
12270	24	65	20140220
12273	44	4	20141202
12279	11	36	20140228
12286	73	59	20140324
12289	99	27	20140328
12308	8	68	20140218
12311	22	37	20140707
12321	18	75	20140501
12325	17	1	20140811
12327	1	48	20140430
12357	64	64	20140625
12361	16	69	20140726
12366	7	16	20140902
12393	2	118	20140227
12407	1	24	20140618
12418	3	49	20140606
12444	0	127	20140115
12455	2	37	20140518
12466	118	4	20140823
12484	0	103	20140318
12519	35	129	20140119
12523	22	128	20140120
12547	21	37	20140329
12573	115	17	20140428
12589	73	44	20140424
12592	113	119	20140320
12607	23	125	20140412
12610	2	45	20140302
12652	3	37	20140527
12655	19	38	20140227
12674	0	65	20140522
12687	8	50	20140313
12737	74	23	20140120
12782	21	73	20140626
12800	8	113	20141208
12830	16	13	20140227
12837	6	73	20140423
12841	73	17	20140401
12867	49	82	20141007
12874	24	157	20140123
12884	6	21	20140206
12888	21	147	20140711
12892	37	49	20140812
12910	13	57	20140724
12914	65	74	20140314
12942	7	37	20140607
12972	73	95	20140315
12979	0	70	20140317
12984	22	33	20140412
12988	34	31	20140204
13003	166	121	20140301
13014	127	103	20140204
13058	17	3	20140512
13103	1	70	20140725
13106	2	157	20140513
13113	3	1	20140703
13134	131	70	20140602
13142	0	21	20140906
13194	21	68	20141022
13221	44	127	20141212
13231	16	23	20140124
13254	16	49	20140324
13271	21	74	20140214
13278	37	10	20140209
13282	20	45	20140526
13286	17	101	20140222
13297	4	50	20141111
13310	127	58	20140106
13339	49	19	20141222
13343	1	73	20140626
13357	27	16	20140620
13415	73	153	20140616
13446	18	48	20140305
13461	22	2	20140421
13472	1	73	20140603
13484	130	69	20140216
13508	69	27	20140125
13542	32	1	20140202
13570	0	17	20140408
13577	3	74	20140921
13587	18	100	20140322
13590	18	11	20140105
13596	17	79	20141109
13598	6	26	20140715
13600	37	43	20140213
13604	19	73	20140518
13612	18	19	20140220
13625	8	16	20140527
13638	4	141	20140718
13640	21	82	20140112
13653	37	75	20140603
13679	20	0	20140522
13682	7	113	20140222
13701	27	35	20140515
13704	6	73	20140129
13708	139	59	20140425
13730	44	9	20140821
13737	18	1	20140425
13740	25	117	20140327
13756	118	85	20140102
13762	3	43	20140225
13765	2	74	20140722
13767	4	4	20140320
13783	21	79	20140219
13787	28	23	20140110
13796	1	34	20140601
13814	49	3	20140906
13816	50	48	20140402
13837	17	104	20140924
13853	37	27	20140212
13877	21	120	20140726
13885	2	37	20140913
13887	11	4	20140905
13893	14	50	20140412
13895	37	1	20141209
13900	71	19	20140307
13902	1	77	20140105
13921	21	19	20140217
13931	19	33	20140722
13950	64	35	20140404
13975	75	113	20140906
14000	2	88	20140127
14002	45	37	20140526
14018	4	10	20140727
14027	73	24	20140119
14042	95	82	20140105
14052	1	40	20140907
14055	59	158	20140412
14088	17	31	20140131
14094	13	73	20140520
14145	23	113	20140807
14156	1	1	20140302
14200	23	94	20140504
14248	16	13	20140128
14255	2	32	20140323
14259	3	65	20141005
14274	52	32	20140104
14288	59	127	20140802
14295	20	75	20140124
14301	4	17	20140401
14323	23	1	20140327
14326	137	1	20141024
14328	37	62	20140303
14332	102	82	20140102
14335	18	11	20140204
14347	89	39	20140131
14357	23	25	20140127
14366	18	4	20140131
14377	20	4	20140121
14386	0	50	20140223
14401	9	61	20140221
14407	69	40	20140214
14414	3	1	20140131
14419	118	11	20141023
14436	59	26	20140404
14441	11	157	20140224
14446	1	69	20140211
14451	19	73	20140828
14457	17	10	20140731
14465	3	4	20140707
14475	118	17	20140131
14477	9	69	20140923
14499	3	68	20140215
14501	6	31	20140410
14503	18	44	20140709
14514	56	44	20140403
14519	7	21	20140309
14522	24	57	20140128
14524	130	141	20140212
14526	9	61	20140504
14528	81	51	20140515
14535	10	37	20140420
14561	4	4	20140109
14563	44	114	20140214
14569	6	37	20140105
14575	141	3	20140218
14580	120	43	20140119
14586	23	3	20140114
14591	58	79	20140413
14599	69	4	20140626
14605	31	124	20140703
14607	55	98	20140520
