1000	0 1 3 4
1001	5 6 7 8
1002	10 11 12
1003	14 16 17
1004	18 19 20 21 22 23
1005	26 27
1006	28 29 30
1008	32 33
1009	34 35 36
1010	38 39 40 41
1011	43 45
1012	47 48 49
1013	50 51 54 55 56 57
1014	58 59 60
1015	62 63
1016	65 66 68
1017	69 70 71 73
1018	74 76 77
1019	78
1020	80 81
1021	82 84
1022	85 87
1023	88 90 91 92 93
1024	94
1025	95 96
1026	99 100 101 102
1027	103 105 106
1028	108 109 110 111
1029	112
1031	113 115
1032	116 117 118 119
1033	121 122 123 125
1034	126 128
1035	129 131 132 133
1036	134
1037	136 137
1038	138 139 140 141 142
1039	144
1040	145 147 148
1041	149 150 152
1042	154 155
1043	157 158
1044	159 160
1045	162 163
1046	164 165
1047	167 168
1048	169 170
1049	172 173 174
1050	176 177 178 179 180
1051	181 182 183 185 186
1052	187 189 190 191 193 194 195 196
1053	197 198 199 200 201
1054	203 205 206
1055	207 208
1056	210 211
1057	213 214
1058	215 217 218
1059	219 220
1061	221 223 224 225
1062	226 228 229 230
1063	231 232
1064	234 235
1065	236 237 239 240 241
1066	242 243
1067	245 246
1068	248 249
1069	250 251 253
1070	254 255
1071	256
1072	257 258
1073	259 260 261
1074	263 264 265 266
1075	268 269 270
1076	272 273 274
1077	276 277 278 279 281
1078	282 283
1079	284 285
1080	286 287
1081	288 289 291 292
1082	293 294
1083	296 297
1084	298
1085	299 300
1086	302 303 305 306
1087	308 309 310 311 312 313 315
1088	316 317
1089	319
1090	321 322
1092	323 324 326 327
1093	328
1094	329 330 331 332 334 336
1095	337 338
1096	340
1097	341 342 344 345 346
1098	347 348 350 351 352 353
1099	354 356
1100	357 359
1101	360 362
1102	363 365 366
1103	367 369 370
1104	371 372 373
1105	375 376
1107	377 378 381 382 383 384
1108	385 386 388
1109	389 390 391 392
1110	394 395 396 398 399 400
1111	401 403 404
1112	405
1113	406 408 409
1114	410 412 413 414 415
1115	416 417 418
1116	421 422 423 425 426 427
1117	428
1118	429 430 431 432 433
1119	435
1120	436 437 439 440 441
1121	442
1122	444 445
1123	446 448 449
1124	450 451
1125	452 453 454 455
1126	458 459
1127	460 462 463
1128	464 465 467
1129	468 470 471 472
1130	474 475 476
1132	477 478
1133	480 481 482 484
1134	485 486
1135	488 489
1136	492 493 494 495 496 497 499
1137	500 501
1138	502 503
1139	505 506 507
1140	509 510
1141	511 513 514
1142	515 516 518
1143	519 520 521 522
1144	524 525 527 528 529 530
1145	531 532
1146	535 536 537 538 539 540
1147	542 543
1148	544 545 547 548 549
1149	550 551
1150	552 553 554
1151	556 557
1152	558 560 561
1153	562 563 564 566 567
1154	568 570
1155	572 573
1156	574
1157	575 576
1158	577 578 580
1159	581 583
1160	585 586 587 588 589
1161	590 591
1162	592 594 595 596
1163	597 599
1164	600 601
1165	602 603 605
1166	606 607
1167	608 609
1168	610 611
1169	613 614 615 616 617 619 620
1170	623 624 625 626 627 628
1171	629 630 631 632
1173	635 636 637
1174	638 639 640 641
1175	644 645 646 647
1176	648 649 651 652 653
1177	654
1178	655 656 657
1179	659 660
1180	661 662
1181	663 665
1182	666 667 668 669 670
1183	673 674
1184	675 676
1185	677 679 680
1186	681 682 684
1187	685 686
1188	688 690
1189	691 692
1190	694 695 696 697 699 700
1191	701 702
1192	703 704
1193	705 706
1194	708 709
1195	710 711
1196	714 715
1197	716 717 718 720 721
1198	722 723
1199	725 726 728
1200	729 730
1201	732 733
1202	734 735 737
1204	739 740 741 742 743 744
1205	745 746
1206	748 749
1207	752 753
1208	754 755 756 758
1209	759 760 761
1211	763 764 765 766 768
1212	769 771 772
1213	773 774
1214	776 777
1215	778 779
1216	781 782 784
1217	786 787
1218	788 790 791 792 793 794
1219	795 796
1220	797 799 800 801
1221	802
1222	803 804
1223	806 807 808
1224	809 810
1225	812 813 814 815 816 817
1226	818 819
1227	820
1228	821
1229	822 824
1230	825 826 827 828 830
1231	831 832 834 835 836 837
1232	838 840
1233	842 843 844 845 846
1234	847 849 850
1235	851 852 853 855 856 857
1236	859 860
1237	861 862 864 865 866 867
1238	868
1239	869 870 871 872 873 874
1240	876 877
1241	879 880 882
1242	883 884 885 887 888
1243	889
1244	890 892
1245	894 895 896 897 898 899
1246	900 902 903
1247	904 905
1248	908 909 910 911 912 913
1249	914 915
1250	916
1251	917
1252	919 920
1253	921 922
1254	923 924
1255	925
1256	926 928 929 930
1257	931 932
1258	933 934
1259	935 936 937 938 939
1260	941 942
1261	943 944
1262	945 946
1263	947 948
1264	949 950 951 952 953
1265	955 956 957 958 960 961
1266	962
1267	963
1268	964 965 966
1269	968 969 971 972
1270	973 975
1272	976
1273	977 978
1274	980 981
1275	982 983 986 987 988 989 990 991
1276	992 994 995 996
1277	997 998 999 1001
1278	1002 1003 1004
1279	1006 1007 1008 1010 1011
1280	1012 1013 1015
1281	1017 1018
1282	1019 1021 1022 1023
1283	1024 1025 1027 1028 1029 1030
1284	1031 1032
1285	1033 1035 1036 1037
1286	1038 1039 1040 1042 1043 1044
1287	1045 1046 1048 1049
1288	1050 1051
1289	1052 1053 1055
1290	1057 1058
1291	1059 1060 1062
1292	1063 1064
1293	1065 1066 1068
1294	1069 1071 1072 1073
1295	1074 1076
1296	1077 1078 1079 1080 1082
1297	1083 1085 1086
1298	1087 1089
1299	1090 1091
1300	1093
1301	1094 1096
1302	1098 1099 1100
1303	1101 1102 1103 1105
1304	1107 1108
1305	1110 1111
1306	1112 1113
1307	1115 1116 1118 1119
1308	1121 1122 1123
1309	1125 1126 1127 1128
1310	1129 1130
1311	1131 1132
1312	1134 1136 1137 1138 1139
1313	1140
1314	1141
1315	1142 1143
1316	1145 1146
1317	1148 1150
1318	1151 1152
1319	1153 1154
1320	1156 1157 1159
1321	1160 1161
1322	1162 1164 1165
1323	1167 1168
1324	1169 1170 1172 1173
1325	1174 1175
1326	1177 1179
1327	1180 1181 1184 1185 1186 1187
1328	1188 1190
1329	1192 1193 1194 1195
1330	1196 1197 1199
1331	1200 1202 1203
1332	1205 1206 1207 1208
1333	1209 1210 1211 1212 1213
1334	1215 1216
1335	1218 1219 1220
1336	1221 1223
1337	1224 1225
1338	1226 1227
1339	1228 1230 1231 1232
1340	1234 1235 1236 1237 1238
1341	1239 1241 1242
1342	1244 1245 1246 1247
1343	1248 1249 1251
1344	1252 1253
1345	1254 1255
1346	1258 1259
1347	1261 1262 1263
1348	1264 1265
1349	1266 1267 1268
1350	1270 1271
1351	1272 1273
1352	1274
1353	1275 1276 1278 1279 1280
1354	1281 1283 1284 1285
1355	1286 1288 1289 1290
1356	1291 1292 1294
1357	1295 1296
1358	1298 1300 1301
1359	1302
1360	1303 1304 1306 1307
1361	1309 1310 1311 1312 1313 1314
1362	1315 1316
1363	1317 1318 1319 1320
1364	1322 1323 1324
1365	1326 1328 1329 1330 1331
1366	1332 1333 1335 1336 1337
1367	1338 1339
1368	1340
1369	1341 1343
1370	1344 1346
1371	1347 1349
1372	1351 1352
1373	1353 1354
1374	1356 1357 1359
1375	1360
1376	1362 1363
1377	1364 1365
1378	1367 1368
1379	1370 1371 1372 1373 1374 1375 1376 1377 1378
1380	1380 1382 1383 1384
1381	1385 1386 1387 1388
1382	1390 1391
1383	1393 1395
1384	1396 1397 1398 1399 1400 1402
1385	1404 1405 1406 1407
1386	1408 1410
1387	1411 1412
1388	1413 1415
1389	1416 1417
1390	1419 1420
1391	1423 1424 1425 1426 1427
1392	1428 1430
1393	1432 1433
1394	1434 1435
1395	1436 1437 1438 1439 1440 1442
1396	1444 1445
1397	1446
1398	1447 1448
1399	1449 1451 1452
1400	1453
1401	1454 1455
1402	1456
1403	1457 1458 1460
1404	1461 1462 1463 1465
1405	1466 1467
1406	1468 1469
1407	1470 1471 1472 1473 1474
1408	1476 1478
1409	1480 1481
1410	1482 1483 1485 1487 1488 1489 1490 1491
1411	1492 1493
1412	1494 1496 1497
1413	1499 1500
1414	1501
1415	1502 1503
1416	1504 1505 1507 1508 1509
1417	1511 1512 1513 1514
1418	1516 1517
1419	1518 1520 1521 1522
1420	1523 1524 1526
1421	1527 1528 1529
1422	1531 1532 1534 1535 1536 1537
1423	1538 1539
1424	1540 1542
1425	1543 1544 1545
1426	1547 1548 1549 1550
1427	1552 1553 1554 1555 1556
1428	1558 1560 1561 1562
1429	1563 1564
1430	1565 1567 1568 1569 1570
1431	1571 1573 1574
1432	1576 1577 1578
1433	1579
1434	1581 1582
1435	1583 1584 1585 1586
1436	1588
1437	1589 1590
1438	1591 1592 1593 1594 1596
1439	1597
1440	1598 1599 1601 1602 1603
1442	1604 1606 1607 1608 1609
1443	1611 1612 1613
1444	1615 1616 1617 1618 1619
1445	1620 1622
1446	1623 1624
1447	1626
1448	1627 1628
1449	1629 1631 1632
1450	1633 1634 1636 1637 1638
1451	1639 1640
1452	1641 1642 1643 1644 1645
1453	1647 1648
1454	1650 1651 1652
1455	1653
1456	1654 1655 1656 1657 1658
1457	1660 1661 1663 1664 1665
1458	1666 1668
1459	1669
1460	1670 1672
1461	1673 1675
1462	1676 1677
1463	1679 1680
1464	1681 1682
1465	1683 1684 1685 1687 1688 1689
1466	1690 1692 1693 1694 1695 1697 1698
1467	1699 1700
1468	1701 1703 1704 1705 1706
1469	1707
1470	1708
1471	1709 1710
1472	1711 1712 1713 1715 1716
1473	1717 1719 1720
1474	1721 1722 1724 1725
1475	1726 1728 1729
1476	1730 1731 1732 1733 1735
1477	1736 1737 1738 1740 1741
1478	1743 1744 1745
1479	1746 1748 1749
1480	1750 1751 1752 1753 1755
1481	1756 1757
1482	1758 1759 1761 1762 1763
1483	1764 1765 1766 1767 1768 1771
1484	1772 1773
1485	1775 1776
1486	1777 1778 1779 1780 1781
1487	1783 1784
1488	1785 1786 1788
1489	1789 1791 1792 1793
1490	1794 1795
1491	1796 1797 1799 1800
1492	1802 1803 1804 1805
1493	1806 1807 1808 1809 1810
1494	1813 1814 1815 1816 1817
1495	1819 1820
1496	1821
1497	1822 1823 1825
1498	1826 1828 1829
1499	1830 1832 1833 1834
1500	1835 1836 1837 1838 1839
1501	1841 1843 1844
1502	1845 1846
1503	1848 1849
1504	1850 1851 1852 1853
1505	1855 1856
1506	1857 1858
1507	1859 1860 1862 1863
1508	1865 1866 1867
1509	1869 1870 1871 1872 1873
1510	1875 1876 1877 1878 1879 1880
1511	1881 1882
1512	1883 1884 1886
1513	1888 1889
1514	1890 1891 1892 1893
1515	1895 1896 1898 1899 1900
1516	1901 1902
1517	1904 1905 1906
1518	1908 1909
1519	1910
1520	1911 1912
1521	1914 1915
1522	1916 1917 1918 1919 1921 1922
1523	1923 1924
1524	1927 1928 1929
1525	1930 1931
1526	1933 1934 1935 1936
1527	1937 1938 1939 1940
1528	1942 1943 1945
1529	1946 1947
1530	1949 1950
1531	1951 1952
1532	1953 1954
1533	1956 1957
1534	1958 1959 1961
1535	1962 1963 1964
1536	1966 1968
1537	1969 1970
1538	1972 1973
1539	1974 1975
1540	1976 1977 1978
1542	1980 1981 1982 1983 1984
1544	1987 1988 1989
1545	1990 1991
1546	1993 1994
1547	1996 1997
1548	1999 2000
1549	2002 2003
1550	2006 2007
1551	2008 2010 2011 2012 2013
1552	2014
1553	2015 2016 2017 2018 2020
1554	2021 2023 2024 2025
1555	2026
1556	2027
1557	2028 2029
1558	2030
1559	2031 2032
1560	2033
1561	2034 2035 2037 2038 2039 2040
1562	2041 2042
1563	2044 2045
1564	2047 2048 2049
1565	2050 2052 2053 2054 2055
1566	2057 2058 2059 2060 2061 2062 2064
1567	2065 2066 2067
1568	2069 2070
1569	2071 2072
1570	2074 2075
1571	2076 2077
1572	2078 2079 2081 2082 2083 2084
1573	2085 2086
1574	2088 2089 2090 2092 2093 2095 2096 2097
1575	2098 2100 2101 2102
1577	2103
1578	2105 2106 2107
1579	2108
1580	2109 2110 2111 2113 2114 2115
1581	2116 2117
1582	2120 2121
1583	2122 2123 2124 2125 2126
1584	2129 2130 2131 2132
1585	2133 2135 2136
1586	2137 2138
1587	2139 2140 2141 2143
1588	2145 2146
1589	2147 2148
1590	2149 2151
1591	2153 2154 2155
1592	2156
1593	2157 2158
1594	2161 2162
1595	2163 2165 2166 2167 2168 2169
1596	2170 2171 2173
1597	2174 2175 2177
1598	2178 2179
1599	2181 2182 2183 2185
1601	2186 2187
1602	2189 2190 2192 2193 2194 2195
1603	2196 2197 2198 2200
1604	2201 2203 2204
1605	2205 2206 2208 2209
1606	2210 2211 2212
1607	2214 2215
1608	2217 2218 2219 2220 2221
1609	2222 2224 2225 2226 2227
1610	2228 2229
1611	2230 2231
1612	2233 2235 2236 2237 2238
1613	2239 2240 2241 2242 2243 2245
1614	2246 2247
1615	2248 2249 2251
1616	2252 2253 2254 2255 2257
1617	2258 2259 2260
1618	2262 2263 2264 2265 2266 2268
1619	2269 2270 2272
1620	2273 2274 2275 2276
1621	2278 2279 2281 2282
1622	2283 2285 2286
1623	2288 2289 2290 2291
1624	2292 2293
1625	2296 2297 2298 2299 2300 2301
1626	2302
1627	2304 2305
1628	2307 2308 2309 2310 2311
1629	2312 2314
1630	2315 2316
1631	2317 2318
1632	2319 2320 2321 2322 2323
1633	2325 2326
1634	2328 2329 2330 2331 2332
1635	2334 2335
1636	2336 2338 2339 2340 2341
1638	2342 2343
1639	2345 2346
1640	2347 2348
1641	2350 2351 2352 2353
1642	2354
1643	2355 2356
1644	2357 2358
1645	2359 2360
1646	2361 2362 2364 2365 2366 2367
1647	2369 2370
1648	2371 2373 2374
1649	2375 2376 2377 2378 2379 2380
1650	2382 2383
1651	2385 2386 2387 2388 2389 2390
1652	2391 2392 2394 2395
1653	2396 2397 2398 2399 2400
1654	2402 2403 2404 2407 2408 2409 2410
1655	2411 2412 2413
1656	2416 2417 2418
1657	2419 2421
1658	2422 2423 2424 2426
1659	2427 2428 2429 2431 2432 2433
1660	2434 2435
1661	2437 2438 2439 2440 2442
1662	2443 2444
1663	2446 2447 2448
1664	2450 2451
1665	2452 2454
1666	2455 2456
1667	2457
1668	2458 2459 2461
1669	2462
1670	2464 2465
1672	2466 2468
1673	2469
1674	2470 2472 2473
1676	2475 2476 2477
1677	2478 2480 2481 2482
1678	2483 2484 2486
1679	2487 2488 2490
1680	2491 2493
1681	2494 2495
1682	2496 2498 2499 2500 2501 2502
1683	2503 2504
1684	2505 2507
1685	2508 2509 2511
1686	2512 2513
1687	2515 2516 2517 2518
1688	2520
1689	2521 2522
1690	2523 2524 2525 2527 2528
1692	2529 2530 2531 2532 2533
1693	2535 2536 2538
1694	2539 2540
1695	2541
1696	2542 2544 2545 2546 2547
1697	2548 2549 2550 2551 2552
1698	2555 2556
1699	2557 2558 2560
1700	2561 2562
1701	2563
1702	2564 2565 2567 2568
1703	2570 2571
1705	2572 2573 2574
1706	2576 2577 2578
1707	2580 2581
1708	2582 2583 2584
1709	2586 2587
1710	2588 2589
1711	2592 2593 2594 2595 2597 2598
1712	2599 2600
1714	2601 2602
1715	2603 2604 2605 2607 2608
1716	2610 2611
1717	2612 2614
1718	2616 2617
1719	2618 2619 2621 2622
1720	2623 2624
1721	2625 2626
1722	2627 2628 2630 2631 2632
1723	2633 2634 2635
1724	2638 2639 2640
1725	2642 2643
1726	2645 2646 2647 2648
1727	2649 2650
1728	2651 2653
1729	2654 2655 2656 2658 2659
1730	2661 2662 2663
1731	2664 2665 2666 2668 2669
1732	2670 2672
1733	2674 2675 2676
1734	2678 2679 2680 2681 2682
1735	2683 2684
1736	2685 2687 2688 2689
1737	2691 2692 2693 2694 2695
1738	2697 2698 2699
1739	2700 2701
1740	2702 2704 2705 2706 2707 2708
1741	2710 2711 2712 2713 2714
1742	2715 2717 2718
1743	2719 2720 2722
1744	2723 2724
1745	2725
1746	2726 2727 2728 2729
1747	2732 2733 2734 2735
1748	2737 2738 2739 2740
1749	2741 2743
1750	2745 2746 2747 2748
1751	2749 2750 2752
1752	2754 2755 2756 2757
1753	2758 2759 2760 2761 2762 2763
1754	2766 2767 2768 2769
1755	2770 2771
1756	2772 2774 2775
1757	2776 2778 2779
1758	2780 2782
1759	2783 2784
1760	2787 2788
1761	2789 2790 2791 2792 2793 2794
1762	2796 2797
1763	2799 2800
1764	2801 2802 2804 2805
1765	2807 2808
1766	2809 2810
1767	2811 2812 2813 2814 2816
1768	2817 2818 2819 2820 2822 2823
1769	2824 2825
1770	2826 2828 2829 2830
1771	2831 2833
1772	2834 2836 2837
1773	2838 2840 2841
1774	2842 2844 2845 2846
1775	2847
1776	2848 2849 2851 2852 2853
1777	2854 2855 2856 2858 2859 2860
1778	2861 2863
1779	2864 2865
1780	2867 2868 2870 2871
1781	2873 2874
1782	2875 2876 2877 2879 2880
1783	2881 2882 2883 2885 2886
1784	2887 2889
1785	2890 2892 2893 2894 2895 2896
1786	2897 2898
1787	2900 2901
1788	2903 2904 2906 2907 2908 2909
1789	2910 2912 2913 2914
1790	2915 2916
1791	2917 2918
1792	2920 2922
1793	2923 2925 2926 2928 2929 2930 2931 2932
1794	2933 2934
1795	2935 2936
1796	2937 2938 2940 2941 2942
1797	2943 2944 2945 2946
1798	2948 2949 2951 2952 2953 2954
1799	2956 2958 2959
1800	2960 2962 2963
1801	2964 2965 2967 2968
1803	2969 2970 2972
1804	2973 2974
1805	2977 2978
1806	2979 2980
1807	2981 2983
1808	2984 2985 2986
1809	2988 2989
1810	2991 2992 2993
1811	2994 2995 2996 2997 2998 3000
1812	3001
1813	3002
1814	3004 3005 3006 3007 3008
1815	3010 3011 3012 3013
1816	3014 3015 3017
1817	3018 3019 3020 3021
1818	3023 3025 3026
1819	3027 3029 3030 3031
1820	3032 3033 3034 3035
1821	3038 3039
1822	3041 3042 3043
1823	3045 3046
1824	3047 3048 3050
1825	3051 3052 3053
1826	3055
1827	3056 3057 3058 3059 3061 3063 3064
1828	3065 3066
1829	3068 3070 3071
1830	3072 3073
1831	3074 3076
1832	3077 3078 3080 3081 3082
1833	3083 3084 3086
1834	3088 3089
1835	3090 3091 3093
1836	3095 3096
1837	3097 3098 3099
1838	3101 3102 3103
1839	3106 3107 3108 3109
1840	3110 3111
1841	3112 3113
1842	3114 3116
1843	3117 3118 3119
1844	3121 3122 3123 3125 3126
1845	3128 3129
1846	3131 3132 3133 3134
1847	3135 3136 3137
1848	3140 3141 3142
1849	3144 3145
1850	3146 3147 3149
1851	3150 3151 3153
1852	3154 3155 3157
1853	3158 3160 3161
1854	3162 3164
1855	3166 3167 3168
1856	3169 3170 3172
1857	3173 3174
1858	3175 3176
1859	3177 3178 3179 3180
1860	3182 3183
1861	3184 3185
1862	3186 3187 3188 3189
1863	3192 3193 3194
1864	3195 3197 3198
1865	3199 3201 3202 3203 3204
1866	3205 3207 3208 3209 3210 3211
1867	3212 3213 3215
1868	3217 3218
1869	3219 3221 3222
1870	3223 3224 3226 3227 3229 3230
1871	3231
1872	3233 3234
1873	3235 3237
1874	3238 3240 3241
1875	3242 3243
1876	3244
1877	3246 3247 3248
1878	3249 3251 3252 3253 3254 3255 3256
1879	3258 3259 3261
1880	3262 3263
1881	3264 3265 3266 3267
1882	3270 3271
1883	3272 3273 3275 3276
1884	3277 3278
1885	3280 3281 3282
1886	3283 3284
1887	3285 3286 3287 3289 3290 3291
1888	3292 3294 3295 3296 3297
1889	3298 3299 3301 3302 3303 3305
1890	3307 3308 3309
1891	3310 3311
1892	3312 3313 3314 3315 3317
1893	3318 3320 3321
1894	3322 3323 3325
1895	3327 3328 3329 3330 3331
1896	3332 3333 3335
1897	3336 3338 3339
1898	3340
1899	3341 3342 3343 3344
1900	3346 3347 3348
1901	3350 3351
1902	3354 3355
1903	3356 3357 3358
1904	3360 3361
1905	3363 3364 3365 3366 3367 3369 3370
1907	3372 3373
1908	3374 3375 3377 3378 3379 3381 3382 3383
1909	3384 3385
1910	3386 3388 3389 3390
1911	3391 3392
1912	3393 3395
1913	3396 3397 3398 3399
1914	3401 3402
1915	3404 3405
1916	3407 3408
1917	3409 3410 3411 3413
1918	3414 3415
1919	3416 3417
1920	3418 3419
1921	3420 3421 3423 3424 3425 3426
1922	3429 3430 3431 3432 3433 3434 3435
1923	3436 3438 3439 3440 3441
1924	3442 3443 3444 3445 3446
1925	3448
1926	3450 3451
1927	3452 3453
1928	3455 3456
1929	3457 3458 3459 3460 3461 3462
1930	3465 3466 3467 3468 3469
1931	3470 3471 3472 3474 3475
1932	3477 3478 3479 3480 3481 3482 3483
1933	3485
1934	3486 3488 3489 3490
1935	3492 3493 3494
1936	3495 3496
1937	3497 3498 3500 3501
1938	3502 3503 3505
1939	3506 3507 3508 3509
1940	3512 3513 3514 3515
1941	3516 3517
1942	3518 3519
1943	3520 3522 3523 3524
1944	3525 3526
1945	3527 3529 3530 3531
1946	3532 3533 3534 3535 3537
1947	3538 3540
1948	3541 3542 3543 3545 3546
1949	3548 3549 3550 3551 3552
1950	3553 3554 3556 3557
1951	3558 3559
1952	3561 3562
1953	3563
1954	3565 3566
1955	3568 3569 3570
1956	3571
1957	3572 3573
1958	3574 3575
1959	3576 3577 3579 3580 3581 3582
1960	3583
1961	3584 3585 3586 3588 3589
1962	3590 3591
1963	3593
1964	3594 3595 3597
1965	3598 3599
1966	3600 3601 3602 3603 3604 3605
1967	3607 3608 3610 3611 3612
1968	3614 3615 3616
1969	3617 3618 3619 3620
1970	3622 3624 3625
1971	3627 3628
1972	3629 3630
1973	3631
1974	3632
1975	3633 3634
1976	3635
1977	3636
1978	3637 3638
1979	3640 3642 3643 3644 3645 3646
1980	3648 3649 3650 3651
1981	3653 3654
1982	3655 3657
1983	3658 3659 3660 3661 3662 3663
1985	3665 3666
1987	3669 3670
1988	3671 3672
1989	3673
1990	3675 3676
1991	3677 3679 3680 3681 3682 3683 3685
1992	3686 3688
1993	3690 3691
1994	3692 3694
1995	3696 3697 3698 3699
1996	3701 3702 3703
1997	3704 3705 3706 3707 3708
1998	3712 3713 3714 3715 3716 3717 3718
1999	3719 3721 3722
2000	3723 3724
2001	3725 3727 3728 3729 3730 3731
2002	3732
2003	3733 3734
2004	3735 3736 3737 3738
2005	3741 3742 3743
2006	3744 3745
2007	3746 3747
2008	3748 3749
2009	3751 3752
2010	3754 3755 3756
2011	3758 3761 3762 3763 3764 3765
2012	3766 3767
2013	3768 3770
2014	3771 3773 3774 3775 3777 3778
2015	3779 3780
2016	3781 3782
2017	3783 3784 3785 3786 3788 3789
2018	3791 3792 3793 3794
2019	3795 3796 3797 3798 3800 3801
2020	3802 3804
2021	3805
2022	3806 3807 3809 3810 3811
2023	3812 3814
2024	3815 3816
2025	3817 3818
2026	3820 3821
2027	3822 3823
2028	3824 3826 3827 3828 3829
2029	3830 3831 3832 3834
2030	3835 3836
2031	3838 3839 3840
2032	3842 3843
2033	3845 3846 3847
2034	3848 3850
2035	3851 3853
2036	3854 3856
2037	3857 3859
2038	3860 3862 3863 3864
2039	3865 3866
2040	3867 3868 3869 3870 3871
2041	3873 3874 3875 3876 3878 3879
2042	3880 3881 3883 3884 3885
2043	3886 3887 3889 3890
2044	3891 3892 3894
2045	3896 3897 3898 3899 3900 3901
2046	3902 3903
2047	3904 3905 3907 3908
2048	3910 3911 3912 3913 3914
2049	3916 3917 3918
2050	3919 3920
2051	3921 3923 3924 3926 3927 3928
2053	3930 3931
2054	3932 3933
2055	3935 3936 3937 3938 3939 3941
2056	3942 3944 3945 3946 3947
2057	3948 3949
2058	3950 3952 3953
2059	3954 3956 3957
2060	3958 3959
2061	3960 3961 3963
2062	3964 3966
2063	3967 3968 3969 3970 3971
2064	3973 3975
2065	3976 3977 3979 3980 3981
2066	3982 3983 3985
2067	3986 3987 3989
2068	3990 3991 3992 3993
2069	3996 3997 3998 3999
2070	4000 4001 4002 4003 4005 4007 4008
2071	4010 4011 4012
2072	4013 4014 4015 4017
2073	4018 4020 4021
2074	4022 4023 4025
2075	4026 4027
2076	4029 4030 4031
2077	4033 4035 4036
2078	4037 4038
2079	4039 4040 4042 4043
2080	4044 4045
2081	4046 4047
2082	4050 4051 4052
2083	4054 4055 4056
2084	4057 4058
2085	4059 4061 4062
2086	4063 4064 4065 4067 4068
2087	4070 4071 4072
2088	4073 4074
2089	4075 4076 4078 4079 4080 4081
2091	4082 4083 4084
2092	4086 4087 4089 4090
2093	4091 4092 4093 4094 4096
2094	4097 4098
2095	4100 4101
2096	4102
2097	4103 4105
2098	4106 4107
2100	4108 4109 4110 4111 4112
2101	4114 4115 4117
2102	4118 4119 4121 4122
2103	4123
2104	4124 4125 4126
2105	4128 4129
2106	4130 4132 4133 4134
2107	4135 4137 4138 4139 4140
2108	4142 4143
2109	4144 4145 4146
2110	4149 4150
2111	4151 4153 4154
2112	4155 4156
2113	4158 4159
2114	4160 4162
2115	4164 4165
2116	4166 4167
2117	4168 4169
2118	4171 4172
2119	4173 4175
2120	4176 4177 4179 4180 4181 4182
2121	4183 4184
2122	4186 4187 4188
2123	4189
2125	4190 4191
2126	4192
2127	4193 4194 4195 4196
2128	4198 4199 4201 4202
2129	4203 4204 4205 4207 4208
2131	4209 4210 4212 4213 4214
2132	4216 4217 4218 4219
2133	4220 4221 4223 4224 4225 4226
2134	4227 4229
2135	4230 4231
2136	4232
2137	4233 4234
2138	4235 4237 4238 4239 4240 4241
2139	4242 4243 4244 4246
2140	4247 4248
2141	4250 4252 4253
2142	4255 4256 4257 4258
2143	4259 4261
2144	4263 4264 4265 4266
2145	4267 4268
2146	4269 4271
2147	4272 4274 4275
2148	4276 4277 4279 4280
2149	4282 4283 4284
2151	4285 4286 4287 4289
2152	4290 4292 4293 4294
2153	4295 4296
2154	4297 4298 4299 4301
2155	4302 4303 4304
2156	4306 4307 4308
2157	4310 4311 4312
2158	4314 4315
2159	4316 4318
2160	4319 4320 4321 4322 4323
2161	4325 4326
2162	4328 4329
2164	4330 4331 4332 4334 4335 4336 4337
2165	4339 4340 4341 4343 4344
2166	4346 4347 4348 4349 4350
2167	4351 4352 4353
2168	4355 4356
2169	4358 4359 4360 4362
2170	4364 4365
2171	4366 4367 4369 4370 4371
2172	4372 4373
2173	4374 4375
2174	4376 4377
2175	4379 4380 4382 4383 4384
2176	4385 4386 4387 4388
2177	4391 4392
2178	4393 4395 4396 4397
2179	4398
2180	4399 4400
2181	4402 4403
2183	4404 4405
2184	4407 4408 4409 4410 4411 4413
2185	4415 4416 4418
2186	4420 4421 4422 4423 4424
2187	4425 4426
2188	4429 4430 4431
2190	4432 4433
2191	4434 4435 4437
2192	4438 4439
2193	4440 4442 4443 4444 4445 4446 4447 4448 4449
2194	4451 4453 4454 4455
2195	4456 4457 4458
2196	4460 4461 4462 4463
2197	4465
2198	4466
2199	4467 4468
2200	4469 4471
2201	4473 4474 4475
2202	4476 4477 4479 4480 4481
2203	4482
2204	4483 4485 4486 4487
2205	4488 4489
2206	4490 4491
2207	4493 4494 4496
2208	4497
2209	4498 4500 4501 4502
2210	4503 4505 4506 4507
2211	4508 4509 4511
2212	4513 4514 4515 4516
2213	4517
2214	4518
2215	4519 4520 4521 4522 4523 4525
2216	4526
2217	4527 4529
2218	4530 4531 4532 4533 4535
2219	4536 4537
2220	4539 4540
2221	4541 4543
2222	4544 4545 4546 4547 4548 4550
2225	4551 4552 4554
2226	4556 4557 4558 4559 4560
2227	4561 4562
2228	4563 4564
2229	4566 4567 4568 4570 4571 4572
2230	4573 4574 4575
2231	4577 4578 4579 4580 4581
2232	4583 4584 4586 4587
2233	4588 4589 4590
2234	4592 4593 4594 4595 4596
2235	4598 4599 4600 4601 4603
2236	4604 4605 4607
2237	4608 4609 4610
2238	4612 4613 4615
2239	4616 4617
2240	4620 4621 4622 4623
2241	4624 4625 4627
2242	4628 4630 4631
2243	4632 4633 4635
2244	4636 4637 4638 4640 4641
2245	4642 4644 4645
2246	4646 4647
2247	4649 4650
2248	4651
2249	4652 4653
2250	4654 4655
2251	4656 4657 4658 4660
2252	4661 4662 4663 4664 4666
2253	4667 4668
2254	4671 4672 4673 4674
2255	4675 4676 4677 4678
2256	4680 4682 4683
2257	4685 4686 4687
2258	4689 4690
2259	4692 4693
2260	4695 4696
2261	4697 4698 4699 4700 4701
2262	4703 4704 4706
2263	4707
2264	4708 4709
2265	4711 4713
2266	4714 4715
2267	4716 4717 4718 4719 4721
2269	4723 4724
2270	4725 4726 4727 4728 4729
2271	4731 4732 4733 4735 4736 4737 4738 4739 4741
2272	4742 4743 4744 4745 4747
2273	4748 4749 4750 4752 4753 4754
2274	4755 4757 4758 4759
2275	4760 4761
2276	4763 4764
2277	4766 4767
2278	4768 4770
2279	4771 4772
2280	4774 4775
2281	4776
2282	4777
2283	4778 4779
2284	4780 4781 4783
2285	4784 4785
2286	4786 4787
2287	4790 4791 4792
2288	4793 4794 4796
2289	4797 4798 4799 4800 4802 4803
2290	4804 4805 4806
2291	4809 4810 4811 4812
2292	4813
2293	4814 4815 4816 4818 4820 4821
2294	4822 4824 4825 4826 4828 4829 4830
2295	4831 4832 4834
2296	4835
2297	4836
2298	4837 4838 4839 4840 4842 4844
2299	4846 4847
2300	4848 4850 4851
2301	4852 4854 4855
2302	4856
2303	4858 4859
2304	4860
2305	4861 4863
2306	4865 4866 4867 4868
2307	4870 4871 4872
2308	4873 4874
2309	4876 4877 4878
2310	4879 4880 4882
2311	4883 4884 4886 4887 4888
2312	4889 4890 4892
2313	4893 4894
2314	4895 4897 4898 4899
2315	4901 4902 4903 4904 4905 4906
2316	4907 4908
2318	4910 4911
2319	4912 4913
2320	4914 4915 4917 4918
2321	4919 4920 4922
2322	4923 4924
2323	4925 4926
2324	4928 4929
2325	4930 4931 4932 4933 4934
2326	4936 4938
2327	4940 4941 4942
2328	4943 4944
2329	4945 4946
2330	4947 4948
2331	4949 4950 4951 4953 4954
2332	4955 4957 4958 4959 4960
2334	4961 4962
2335	4963 4964
2336	4965 4966 4968
2337	4969 4970 4972 4973 4974
2338	4976 4977
2339	4978 4980 4981
2340	4982 4983 4985 4986 4987 4988
2341	4989 4990 4991 4992
2342	4994 4995
2343	4996 4998 4999
2344	5000 5001 5002 5003 5004
2345	5007 5008 5009
2346	5010 5012 5013 5014
2347	5015 5016
2348	5017 5019 5020 5021 5022
2349	5023 5025 5026 5027 5028 5029
2350	5030 5031
2351	5032 5033
2352	5035 5036
2353	5038 5039 5040
2354	5042 5043
2355	5045 5046 5047 5048
2356	5049 5050 5052 5053
2357	5054 5056 5057 5058 5059 5060
2358	5062 5063
2359	5064 5066 5067 5068
2360	5070 5071
2361	5072 5074 5075
2362	5076 5077 5079 5080
2363	5081 5082 5083
2364	5086 5087 5088
2365	5089 5090 5092 5093
2366	5094 5096 5097
2368	5098
2369	5099 5100 5102
2370	5104 5105 5106 5107 5108 5109
2371	5110 5112
2372	5113 5114
2373	5115
2374	5116 5117 5118 5119
2375	5121 5122 5124 5125
2376	5126 5128
2377	5129 5130
2378	5131
2379	5132 5133
2380	5135 5136 5137 5139 5140
2381	5141 5143 5144 5145 5146 5147
2383	5148 5150 5151 5152
2384	5153 5154
2386	5155 5156 5158
2387	5159
2388	5160 5161 5163
2389	5164 5165 5166 5168 5169
2390	5171 5172 5173 5174
2391	5175 5176 5178 5179 5180
2392	5181 5182
2393	5183 5184
2394	5186 5187 5188 5189 5191 5192 5193 5194
2395	5196 5197
2396	5198 5200 5201 5202
2397	5203 5204
2398	5206 5207
2399	5208 5209 5210 5211
2400	5213 5214 5216
2401	5217 5218 5219 5220
2402	5223 5224
2403	5225 5226 5228
2404	5229 5230 5231 5232
2406	5234 5235 5236 5237 5239 5240
2407	5242 5243
2408	5244 5245 5247 5248 5249 5250
2410	5252 5253
2411	5254 5256
2412	5257 5258
2413	5259 5260 5261 5262 5264
2414	5265
2415	5266 5268 5269
2416	5271 5272
2417	5273
2419	5274 5275
2420	5277 5278
2421	5280 5281 5282 5283 5284 5286
2422	5287 5288
2423	5289 5290
2424	5291 5293
2425	5294 5295
2426	5296 5297 5298 5300 5301 5302
2427	5304 5305
2428	5306 5308 5309 5310 5311
2429	5312
2430	5314 5315
2431	5316 5317 5318 5320
2432	5321 5322 5323 5324 5326 5327
2433	5329 5330 5331 5332 5333 5334
2434	5336 5337
2435	5338 5340 5341 5342
2436	5343 5344 5345
2437	5347 5348 5350 5351
2438	5352 5353
2439	5355 5356 5357
2440	5359 5360 5361 5363 5364 5365 5366
2441	5367 5368 5369 5370 5372
2442	5373
2443	5375 5376 5377 5378 5379 5380
2444	5382 5383
2445	5384 5385 5386
2446	5388 5389 5390
2447	5392 5393 5395 5396 5397 5398
2448	5399 5400 5401 5403 5404
2449	5405 5407 5408
2450	5409 5411
2451	5413 5414
2452	5415 5416
2453	5418 5419 5420 5421 5423
2454	5424 5425 5426 5428 5429 5430
2455	5431 5432
2456	5433
2457	5434 5435
2458	5437 5438
2459	5439 5440
2460	5443 5444 5445
2461	5446 5447
2462	5448 5449
2463	5450 5452
2464	5453 5455 5456
2465	5457 5458
2466	5460 5461 5462
2467	5464 5465 5466 5467 5468
2468	5469 5470
2469	5471 5472 5474
2470	5475 5477 5478
2471	5480 5481
2472	5483 5484 5485
2473	5486 5487
2474	5488
2475	5489 5490 5492 5493 5494
2476	5495 5496 5497 5498
2477	5500 5501
2478	5503 5504
2479	5505 5506 5507 5508
2480	5510 5511 5513 5514
2481	5515 5516
2482	5517
2483	5519 5520 5521
2484	5522 5523 5524 5525
2485	5527 5529
2486	5530 5531
2487	5532 5533
2488	5534 5535
2489	5537 5538 5539
2490	5541 5542
2492	5543 5545 5546 5547 5548 5549
2493	5550 5551
2494	5553 5554 5555
2495	5556 5557 5558
2496	5560 5561 5563
2497	5564
2499	5565 5567 5568 5569
2500	5571 5572
2501	5573 5574
2502	5575 5577
2503	5578
2504	5580 5581 5582 5583
2505	5584 5586 5587
2506	5589 5590 5591
2507	5592 5594 5595
2508	5596 5597 5599
2509	5600 5601 5602
2510	5604 5605 5607
2511	5609 5610 5611 5613 5614 5615
2512	5617 5618 5619 5620 5621
2513	5623 5624 5625
2514	5626 5627
2515	5629 5630 5632 5633
2516	5634 5635
2517	5636 5637 5638 5640 5641 5643 5644
2518	5646 5647 5648
2519	5649 5651 5652 5653 5654
2520	5655 5657
2521	5658 5660
2522	5661 5662
2523	5664 5665 5666 5668
2524	5669 5670 5672 5673 5674 5676 5677 5678
2525	5679 5681 5682 5683
2526	5684 5685
2527	5686 5687
2528	5688 5689
2530	5691 5693 5694
2531	5695 5696
2532	5697 5699
2533	5701 5702
2534	5704 5705 5706 5707 5708
2535	5709 5710 5712 5713
2536	5715 5716
2537	5717 5719
2538	5721 5722
2539	5723 5724
2540	5726 5727 5728 5729 5730
2541	5731 5733
2542	5735 5736
2543	5737 5738 5739
2544	5741 5742 5743
2545	5745 5746 5748 5749 5750
2546	5751 5752
2547	5753 5754 5755 5757
2548	5758 5759 5761
2549	5762 5763 5764 5765 5766 5768
2550	5769 5770 5771 5773 5774 5775
2551	5776 5778
2552	5779 5780 5781 5783
2553	5784 5785 5786 5788 5789
2555	5790 5791 5792 5793 5794 5795
2556	5797 5798 5800
2557	5801 5803
2558	5804
2559	5805 5807
2560	5808 5809 5810 5811 5813
2561	5815 5816 5817
2562	5818 5819 5821
2563	5822 5823 5824
2564	5826 5827 5828
2565	5830 5831 5832
2566	5834
2567	5835
2568	5836 5837 5838 5839 5841 5842
2569	5843 5844
2570	5847 5848 5849 5850
2571	5851 5853
2572	5854
2573	5855 5856 5857 5858
2574	5860 5861 5863
2575	5864 5865
2576	5866 5867
2577	5868 5870 5871
2578	5872 5873 5874 5875 5877 5878
2579	5879 5881
2580	5882 5884 5885 5886
2581	5887 5888 5890 5891
2582	5892 5893
2583	5894 5895
2584	5898 5899 5900 5901 5902 5903
2585	5904 5906 5907
2586	5908 5909
2587	5911 5912 5913 5914
2588	5915 5916
2589	5918 5919 5920 5921 5922 5923
2590	5924 5925 5927 5928
2591	5929 5930
2592	5931 5933 5934 5935 5936
2593	5937 5939
2594	5941 5942 5943
2595	5944 5946 5947 5948
2597	5949 5950 5951 5953 5954 5955
2598	5956
2599	5957 5959 5960
2600	5961 5962 5964 5965 5966 5967
2601	5969 5970 5971 5972 5973
2602	5974 5975 5976 5978 5979
2603	5980
2604	5982 5983 5984 5985
2605	5986 5987
2606	5988 5989
2607	5991 5992
2608	5993 5994 5996
2609	5997 5998
2610	6000 6001
2611	6002 6003
2612	6005 6007 6008 6009 6010 6011
2613	6012 6013 6014 6016 6017
2614	6018
2615	6019 6020
2616	6022 6023 6024
2617	6026 6027 6028 6029 6030 6031
2618	6033 6034 6035 6036
2619	6038 6039
2620	6040 6041 6042
2621	6044 6045
2622	6046 6048
2623	6050 6051
2624	6052 6053
2625	6054 6056 6058 6059 6060 6061 6062 6063
2626	6064 6065
2627	6066 6067
2628	6069
2629	6070 6071 6072 6073
2630	6076 6077
2631	6078 6080
2632	6081 6083 6084 6085 6086 6087 6089
2633	6090 6091 6093 6094 6095
2634	6096
2635	6097 6098
2636	6099 6100
2637	6101 6102
2638	6103 6104
2639	6105 6106
2640	6108
2641	6109 6110 6111 6112
2642	6115 6116
2643	6117 6119 6120 6121
2644	6122 6123
2645	6126 6127 6129 6130 6131 6132
2646	6133 6135
2648	6136 6137 6138 6139
2649	6141 6143 6144
2650	6145 6146 6148
2651	6149 6150
2652	6152 6153
2653	6154 6155 6157 6158
2654	6159 6160 6162 6163 6164
2655	6165 6166
2656	6167 6168 6169 6170
2657	6172 6173
2658	6174 6175
2659	6176 6178 6179 6180
2660	6181 6182
2661	6183 6185 6186
2662	6187 6189
2663	6191 6192 6193 6194 6195 6197 6198
2664	6200 6201
2665	6202 6203
2666	6204 6205 6206 6207 6208 6210
2667	6211 6212
2668	6213
2669	6214 6216 6217
2670	6218 6219
2671	6221 6222 6223
2672	6224 6226 6227 6228
2673	6229 6231 6232
2674	6234 6235
2675	6236 6237
2676	6239 6240 6241 6242
2677	6244 6245
2678	6246 6248 6249
2679	6250 6251
2680	6254 6255 6256
2681	6258 6259
2682	6260 6262 6263 6264
2683	6265 6267
2684	6268
2685	6269 6270 6271 6273
2686	6274 6275
2687	6276 6277 6278
2688	6280 6281 6283 6284
2689	6285 6287 6288
2690	6289 6290 6292 6293 6294 6295
2691	6296 6297 6298 6299
2692	6301 6302
2693	6304 6305 6306
2694	6308 6309 6310 6312 6313
2695	6315 6316
2696	6317 6319 6320 6321
2697	6322 6323
2698	6324 6326
2699	6327 6328 6329 6331
2700	6332 6334 6335
2701	6336 6337 6338 6340
2702	6341 6342 6344
2703	6345 6347 6348
2704	6349 6350
2705	6352 6353
2706	6355 6356 6357 6359 6360 6361
2707	6362 6363 6365 6366 6367 6368
2708	6369 6370
2709	6371 6372 6374
2710	6375 6376
2711	6377 6379
2712	6380 6381 6383 6384
2713	6385 6387 6388 6389
2714	6390
2715	6391 6392 6393 6394 6395
2716	6397 6399 6400 6401 6402 6403
2717	6404
2718	6406 6407 6408 6410 6411 6412
2719	6413 6414 6416 6417
2720	6418
2721	6419 6420
2722	6421 6422
2723	6423 6424 6425
2724	6427 6428
2725	6429 6430
2726	6432 6433 6434
2727	6435 6436 6437 6439
2728	6440 6441
2729	6443 6444 6445 6446 6447 6448
2730	6449 6450 6452
2731	6453 6454
2732	6455 6457 6458
2733	6460 6461
2734	6462
2735	6463
2736	6464 6465 6466 6467 6468 6470
2737	6471 6472
2738	6473 6474 6475 6476 6477 6479
2739	6480 6481
2740	6482 6483
2741	6485 6486 6487
2742	6488 6490
2743	6491 6493 6494 6495 6496 6497
2744	6498 6500
2745	6501 6502 6503 6505 6506
2746	6507 6509 6510 6511 6512 6513
2747	6515 6516 6517 6518 6519
2748	6520
2749	6521 6523
2750	6524 6526
2751	6527 6528 6529 6531
2752	6532
2753	6533 6535
2754	6536 6537
2755	6539 6540 6541 6542 6544
2756	6545 6546 6548
2757	6549 6551
2758	6552 6553 6554 6555 6557 6558 6560
2759	6561
2760	6564 6565 6566 6567 6568 6569 6570
2761	6571 6572 6573 6574 6575
2762	6577 6578 6579
2763	6581 6583 6584
2764	6585 6586 6588 6589 6590
2765	6591 6592 6593 6595
2766	6596 6597
2767	6599
2768	6600 6601
2769	6603 6604 6605 6606
2770	6607 6608
2771	6610 6611
2772	6612 6613 6614 6615 6617 6618
2773	6619
2774	6620 6621
2775	6623 6625 6626
2776	6627 6628
2777	6629 6630 6632
2778	6634 6635 6636
2779	6638 6639 6640 6641 6642
2780	6643 6644
2781	6645 6647 6648 6649 6650
2782	6651 6653
2783	6654
2784	6655 6656 6658 6659
2785	6660 6661 6663 6664
2786	6665 6667
2787	6668 6669 6670 6671 6673
2788	6674 6676 6677
2789	6679 6680 6681 6682 6683 6684
2790	6686 6688
2791	6689
2792	6690 6692 6693
2794	6694 6695 6696 6697 6698 6700
2795	6701 6702 6703 6705
2796	6707 6708 6709 6710
2797	6711 6712
2798	6713 6715 6716
2799	6717 6719 6720 6721 6722 6724
2800	6726 6727 6728 6729
2801	6730 6732 6733
2802	6734 6735 6736
2803	6738 6739 6740 6741
2804	6744 6745 6746
2805	6747 6748 6750
2806	6752 6753 6754
2807	6755 6756 6758
2808	6759 6761
2809	6762 6763
2810	6764 6766 6767 6768 6769
2811	6770 6771 6772 6774 6775
2812	6776 6777
2813	6779 6780 6781 6782
2814	6784 6785 6786 6787 6788 6789
2815	6790 6791 6793
2816	6795 6797 6798 6799 6800 6801
2817	6803 6804
2818	6805 6806
2820	6808
2822	6809 6810
2823	6811 6812
2824	6813 6815
2825	6816 6818 6819 6820
2826	6821
2827	6822 6823
2828	6824
2829	6825 6827
2830	6828 6829 6831
2831	6832 6833 6834
2832	6836 6837 6838 6839
2833	6841
2834	6842 6844 6845
2835	6846 6847 6848 6849 6850 6851
2836	6853 6855 6856 6857
2837	6859 6860 6861 6862
2838	6863 6864
2839	6867 6868
2840	6869 6870 6871 6873 6874
2841	6875
2842	6876 6877
2843	6878 6879 6880
2844	6882
2845	6883 6884
2846	6886 6887
2847	6888 6889 6890 6891 6893
2848	6894 6895
2849	6896 6897 6899 6900
2850	6901 6902 6904
2851	6905 6906 6907 6908 6909 6910 6913
2852	6914
2853	6915 6916
2854	6917 6919 6920
2855	6922 6923 6924 6925 6926 6928
2856	6929 6930
2857	6931 6933 6934 6935 6936
2858	6937
2859	6938 6939
2860	6940 6941 6942 6943 6945
2861	6946 6947 6948 6950
2862	6951 6953
2863	6954 6955
2864	6958 6959 6960
2865	6961 6962
2866	6964
2867	6965 6966 6968 6969
2868	6971 6972 6973 6974 6976 6977
2869	6979 6980 6981
2870	6982 6984 6985 6986
2871	6988 6989 6990
2872	6991 6992
2873	6995 6996 6997 6998 6999
2874	7000 7001 7003
2875	7005 7006
2876	7007 7008 7009 7010
2877	7012 7013
2878	7014 7015
2879	7016 7017 7018 7020
2880	7021 7023
2881	7024 7025
2882	7027 7028 7029
2883	7031 7032 7033
2884	7034 7035 7037
2885	7039 7040 7041 7042
2886	7043 7044
2887	7045 7046
2888	7048 7049 7050
2889	7051
2890	7052 7053
2891	7054
2892	7055 7056
2893	7057 7059 7060 7061
2894	7062
2895	7063
2897	7064 7066
2898	7067 7068
2899	7070 7071 7073
2900	7075 7076 7077
2901	7079 7080 7081
2902	7082 7084
2903	7085 7087
2904	7089 7090 7091
2905	7092 7093
2906	7094 7095 7096 7097
2907	7099 7100 7101 7102 7104 7105
2908	7106 7107
2909	7109 7110 7111 7113
2910	7114 7115 7116 7117
2911	7119 7120
2912	7121 7122 7124 7125
2913	7126 7127
2914	7129 7130 7131
2915	7132 7133
2916	7134 7136 7137
2917	7138 7139
2918	7140 7142 7143 7145 7146 7147
2919	7148 7149
2920	7150 7151 7153 7154
2921	7156 7157
2922	7159 7160
2923	7161 7162
2924	7163 7164 7166
2925	7167 7168 7170 7171 7172 7173
2926	7174 7175
2927	7178 7179 7180 7181
2928	7183 7184 7185
2929	7186 7187
2930	7188 7189 7191
2931	7192
2932	7194 7195 7196
2933	7197 7198
2934	7199 7201 7202
2935	7203 7204 7206
2936	7207 7208
2937	7209 7210 7212 7213 7214 7215
2938	7216 7217
2939	7219 7221
2940	7222 7223 7224
2941	7227 7228 7229 7230 7231
2942	7233 7234
2943	7235 7236 7237
2944	7240 7241 7242
2945	7243 7244
2946	7246 7247 7248 7249 7250 7251
2947	7253 7254
2948	7256 7257 7258
2949	7260 7261
2950	7262 7263 7264 7266 7267
2951	7268 7270
2952	7272 7273 7274 7275
2953	7276
2954	7277 7279
2955	7280 7281 7282 7283 7284
2956	7286 7287 7288 7289
2957	7291 7292 7293 7294 7295 7296
2958	7298 7299 7300 7302
2960	7303 7304 7305 7307 7308 7310 7311
2961	7312 7313 7314 7316 7317
2962	7319 7320 7321
2963	7322 7323
2964	7324 7326 7327 7328
2965	7329 7330
2966	7331 7332
2967	7334 7335
2968	7336
2969	7337 7339 7340
2970	7341 7342
2971	7343 7344
2972	7346 7347
2973	7348 7349 7351 7352
2974	7353 7354 7355
2975	7357 7358 7359 7360
2976	7362 7363
2977	7364 7365 7367
2978	7368 7370 7371 7372
2979	7373 7374 7376
2980	7377 7378
2981	7380 7381 7383
2982	7384 7386 7387 7388
2983	7389 7390
2984	7391 7392 7393
2985	7395 7396
2986	7397 7398 7399 7401
2987	7402
2988	7403
2989	7404 7405 7406
2990	7408 7409 7410 7411 7414 7415 7416
2991	7417 7419 7420 7421
2992	7422
2993	7423 7424 7425 7426 7427
2994	7429 7430
2995	7431 7432
2996	7433 7434 7435 7437 7438
2997	7439 7440 7442 7443
2998	7444 7445
2999	7446 7448
3000	7449
3001	7450 7451
3002	7453 7454 7455 7456
3003	7457 7459
3004	7460 7461
3005	7462 7463 7464 7465
3006	7468 7469
3007	7470 7471
3008	7472 7473
3009	7474 7476 7477 7478 7479
3010	7480 7481 7482 7483
3011	7485 7486 7487 7488
3012	7490 7491
3013	7493 7494 7496 7497
3014	7498 7499 7500 7501
3015	7504 7505 7506
3016	7507 7508
3017	7510 7511
3018	7513 7514
3019	7516 7517
3020	7518 7519
3021	7521 7523 7524
3022	7525 7527 7528
3023	7529 7531
3024	7532 7533
3025	7535 7536 7537
3026	7538 7539 7541 7542
3027	7543 7544 7546
3028	7547 7549 7550 7551 7552
3029	7553 7555
3030	7557 7558 7559
3031	7560 7562 7563 7564
3032	7565 7566
3033	7567 7569
3034	7571 7572 7573 7574
3035	7575 7576 7577 7579 7580
3036	7582 7583
3037	7584 7585
3038	7586 7588 7589 7590
3039	7591 7592 7594
3040	7595
3041	7597 7598 7599 7600
3042	7601 7602 7603 7604 7606 7607
3043	7608
3044	7609 7610 7611 7612 7613 7615
3045	7616 7617 7618
3046	7620 7621 7622 7624 7625
3047	7626 7627
3048	7628 7629 7630 7631 7633
3049	7634 7635
3050	7636 7638 7639 7640 7641 7643 7644
3051	7645 7646 7647
3052	7649 7650
3053	7651 7652
3054	7654 7655 7656 7658 7659 7660
3055	7661
3056	7662 7663
3057	7664 7665
3058	7667 7668
3059	7669 7671 7672
3060	7674 7675
3061	7676 7678 7679
3062	7681 7682 7683
3063	7684 7685 7687 7688
3064	7689 7690
3065	7691 7692
3066	7694 7695 7697 7698 7699
3067	7701 7702 7703 7704
3068	7705 7706
3069	7708 7709
3071	7710 7712 7713
3072	7715 7716 7717 7718
3073	7719 7720
3074	7721 7722
3075	7724 7725
3076	7726 7727
3077	7728 7729 7730 7732 7733
3078	7734 7735
3079	7737 7738 7739
3080	7740
3081	7742 7743 7744 7745
3082	7746 7747 7749 7750 7751 7752 7753 7754
3083	7756 7758 7759
3084	7760 7761 7762 7764 7765 7766
3085	7767 7768
3086	7770 7771 7772
3087	7773 7775
3088	7776 7777
3089	7779 7781 7782 7783
3090	7784 7785 7786 7789 7790 7791 7792
3092	7794 7795
3093	7796
3094	7798 7799 7801 7802 7803 7804
3095	7805 7806 7807 7809 7810
3096	7811 7812
3097	7814
3098	7815 7816
3099	7817 7818 7819 7820
3100	7822 7823 7824 7826
3101	7828 7829 7830 7831 7832
3102	7833 7835 7836
3103	7837 7838
3104	7839 7840 7841 7843 7844
3105	7845
3106	7846 7847
3107	7849 7850 7851 7852 7853 7854
3108	7856
3109	7857 7858 7859
3110	7861 7862
3111	7863 7864 7865 7867 7868
3112	7870 7871 7872
3113	7873 7874 7876 7877
3115	7878 7879 7881 7882 7883 7884
3116	7886 7887 7888 7889
3117	7890 7891 7893
3118	7894 7895
3119	7897 7898 7900 7901 7902
3120	7903 7904 7905 7906 7907 7910 7911 7912
3122	7913 7914 7915 7916 7917 7918 7919
3123	7922 7923 7925
3124	7926
3125	7927 7928
3126	7929
3127	7930 7931 7933
3128	7934 7935 7936
3129	7938 7939
3130	7941 7942
3131	7944 7945
3132	7946 7947 7949
3133	7950 7951 7953
3134	7954
3135	7955 7956
3136	7958
3137	7960 7961 7963 7964 7965 7966
3138	7967 7968 7969
3139	7971 7972 7973 7974 7975 7977
3140	7979 7980 7981 7982 7983
3141	7984 7985 7986 7987 7988 7989
3142	7991 7992 7993 7995
3143	7996 7997
3144	7999 8000 8001
3145	8002 8003 8004
3146	8006 8007
3147	8008 8009
3148	8010 8011 8012
3149	8014
3150	8015 8016
3151	8018 8019
3152	8021
3153	8023 8024 8025 8026 8027
3154	8028 8029 8030 8032
3155	8033
3156	8034 8035
3157	8037 8039
3158	8040 8041 8042
3159	8044 8045
3160	8047 8049 8050 8051
3161	8052 8054 8055
3162	8056
3163	8057 8058
3164	8059 8060 8061 8063 8064
3165	8065 8066 8068 8069
3166	8071 8072 8073 8074 8075
3167	8076 8078
3168	8079 8081 8082 8083
3169	8084 8085
3170	8087 8088
3171	8089
3172	8090 8092
3173	8093
3174	8094 8095
3175	8097 8098 8099 8100 8101
3176	8103 8104 8105 8106 8107
3177	8108 8109
3178	8110 8112 8113 8114
3179	8115
3180	8116 8117 8118 8119 8120 8122 8123 8124
3181	8126 8128 8129 8130 8131
3182	8132 8133 8134 8136
3183	8137 8138
3184	8140 8142 8143 8144 8145 8146
3185	8147 8148 8149
3186	8152 8153 8154 8155
3188	8156 8158
3189	8159 8160 8162 8163 8164 8165
3190	8166 8167 8169
3191	8170 8171
3193	8172 8173 8175
3194	8176 8178 8179 8180 8181
3195	8182 8184
3196	8185 8186
3197	8187
3198	8188 8189
3199	8190
3200	8191 8193 8194
3201	8196 8197 8198 8199 8200
3202	8202 8203
3203	8204 8206 8207 8208
3204	8209 8210 8212 8213
3205	8214 8216 8217 8218
3206	8220 8221 8222 8223 8224
3207	8226 8227 8228
3208	8229 8231 8232 8233
3209	8235 8236 8237 8238
3210	8240 8241
3211	8242 8243
3212	8244 8245
3213	8247 8248
3214	8249 8250 8252
3215	8254 8255 8256
3216	8257 8258
3217	8259 8260
3218	8262 8263
3219	8264 8265
3220	8267 8269 8270 8271
3221	8272 8274 8275 8276 8277 8278 8280
3222	8281 8282 8284
3223	8285
3224	8286 8288 8289
3225	8290 8291 8292 8294 8295 8296
3226	8298 8299 8300
3227	8302 8303 8304 8305
3228	8306
3229	8307 8308
3230	8310
3231	8311 8312
3232	8313 8314 8315 8316 8318 8319
3233	8320
3234	8321
3235	8322 8323
3236	8326 8327 8328
3237	8329 8330 8332
3238	8333 8334
3239	8335
3240	8336 8337
3241	8339 8340
3242	8341 8343
3243	8344
3244	8345 8347
3245	8348 8350 8351 8352
3246	8353 8354 8355 8356 8358 8360
3247	8361 8362 8363 8364 8365 8366
3248	8368 8370 8371 8372 8373 8374 8375 8376
3249	8378 8379
3250	8380 8381
3251	8382 8383 8384 8386 8387 8388
3252	8389 8390 8392 8393
3253	8394 8395
3254	8396 8397 8399
3255	8400 8401 8402 8404 8405
3256	8406 8407 8408
3257	8410 8411
3258	8412 8413 8414 8416 8417
3259	8419 8420 8421
3260	8423 8424
3262	8425 8426 8427
3263	8429 8430
3264	8432 8433 8434 8436
3265	8437 8438
3266	8439 8440 8441 8443 8444 8445
3267	8446 8447 8448
3268	8450 8452 8453 8454 8455 8456
3269	8457 8458
3270	8459
3271	8460 8461
3272	8463 8464
3273	8465 8467
3275	8468 8470
3276	8471 8472 8473
3277	8475 8476
3278	8478 8479
3279	8480 8481
3280	8484 8485
3281	8487 8488
3282	8489 8490 8491 8492
3283	8495 8496 8497
3284	8498 8499 8500 8501 8502 8503
3285	8505 8506
3286	8507 8508
3287	8510 8511 8512
3288	8513 8515
3289	8516 8517 8519 8520 8522 8523 8524 8525
3290	8526
3291	8527 8528
3292	8529 8530
3293	8532 8534
3294	8536 8537 8538 8539 8540
3295	8541 8542
3296	8544 8545 8546 8547
3297	8549 8550 8551 8552
3298	8555 8556 8557
3299	8559 8560 8561
3300	8562 8564 8565
3301	8566
3302	8567 8569
3303	8571 8572
3304	8574 8575
3305	8576 8577
3306	8579 8580 8581 8582 8584 8585
3307	8586 8588 8589
3308	8590 8592 8594 8595 8596 8597 8598
3309	8599 8600 8601 8603 8604 8605
3310	8607 8608 8609
3311	8610 8612
3312	8613 8614 8616
3313	8617 8618
3314	8620
3315	8621 8622 8623 8624
3316	8626 8628
3317	8630 8631
3318	8632 8633
3319	8634 8635
3320	8636 8638
3321	8639 8641 8642 8643
3322	8645 8646 8647 8648 8649
3323	8650 8651 8652
3324	8654 8655 8656 8658
3325	8659 8660 8662 8663
3326	8664 8665
3327	8667 8668 8669 8670 8671
3328	8672 8673 8674
3329	8677 8678 8679 8680
3330	8681 8682
3331	8683 8684
3332	8685 8686
3333	8687 8688
3334	8689 8690 8691
3335	8693
3336	8694
3337	8695 8696 8698 8699
3338	8701 8702 8703
3339	8704 8706
3341	8707 8708
3342	8710 8711 8712
3343	8713 8714 8715 8717
3344	8718 8719 8721 8722
3345	8723
3346	8725 8726
3347	8727 8728 8729 8731
3348	8732 8733 8734 8735 8737
3349	8738 8739
3350	8741 8742
3351	8743 8744
3352	8745 8747
3353	8748 8749 8750 8751 8752
3354	8754 8755 8756 8758 8759
3355	8760 8761
3356	8762 8764 8765 8766 8767
3357	8768 8770
3358	8772 8773 8774 8775
3359	8776 8777
3360	8778 8779
3361	8781 8783 8784 8785 8786 8788 8789
3362	8790
3363	8791 8793 8794 8795 8796
3364	8797 8798 8799 8801
3365	8802 8804 8805 8806 8807
3366	8808 8809
3367	8810
3368	8811 8812
3369	8814 8815 8816 8818
3370	8820 8821 8822
3372	8823
3373	8824 8825
3374	8826 8827
3375	8829 8830
3376	8831
3377	8832
3378	8833 8835 8836
3379	8837 8838
3380	8839 8840 8841 8842 8843
3381	8845 8846
3382	8847 8848
3383	8851 8852
3384	8853 8854 8856 8857
3385	8858 8859 8861
3386	8862 8863 8864
3387	8867 8868
3389	8869 8870 8871 8873
3390	8874 8876 8877 8878
3391	8879
3393	8880 8881 8883 8884 8885
3394	8886 8887
3395	8889 8890
3396	8892 8893 8894 8895
3397	8897 8898
3398	8900 8901 8902
3399	8903 8904 8905
3400	8908 8909
3401	8910 8911
3402	8914 8915 8916 8918 8919 8920 8921
3403	8922 8923
3404	8925 8926
3405	8927 8929 8930
3406	8931 8932
3407	8934 8936 8937
3408	8938 8939
3409	8941 8942 8943
3410	8944 8945 8946 8947 8948 8949
3411	8951 8953 8954
3412	8955
3413	8956 8957 8959 8960
3414	8961 8962 8963
3415	8965 8966
3416	8967 8969 8970 8971
3417	8972 8973
3418	8974 8975
3419	8976 8978
3420	8980 8981
3421	8982 8983 8984
3422	8986
3423	8987 8988 8990
3424	8992 8993
3425	8994 8995
3426	8998 8999 9000
3427	9001 9002 9003
3428	9005 9007
3429	9008 9010 9011 9012 9013
3430	9014 9015 9017
3431	9018
3432	9019 9020
3433	9021 9022
3434	9024
3435	9025 9027 9028 9029
3436	9030
3437	9031 9032 9034 9035 9036
3438	9037 9038 9039 9040 9042
3439	9044 9045 9046 9047
3440	9048
3441	9049 9050
3442	9052 9053 9054 9055
3443	9056 9057 9058
3444	9060 9061
3445	9062 9064
3447	9065 9066 9068
3448	9069
3449	9070 9071
3450	9073 9075 9076 9077 9078 9079
3451	9080 9082 9083
3452	9085 9086 9087
3453	9088 9089
3454	9090
3455	9091 9093
3456	9094 9095 9097 9098
3457	9099 9100
3458	9101 9103 9104 9105
3459	9106 9108 9109
3460	9110 9111 9112
3461	9114 9115
3462	9116 9117 9118 9119 9120 9122 9124
3463	9125 9126 9127
3464	9129 9130
3465	9131 9133 9134 9135 9136 9138 9139
3466	9140 9141
3467	9142 9143 9144 9145 9147
3468	9148 9149 9151
3469	9152 9153 9155 9156
3470	9157 9158
3471	9160 9161 9163
3472	9164 9166
3473	9167 9169
3474	9171 9172 9173 9174 9175 9176
3475	9177 9179 9180
3476	9181 9182 9183 9184 9185
3477	9187
3478	9188
3479	9189 9190 9191
3480	9193 9194 9195 9197
3481	9198 9200 9201
3482	9203 9204
3483	9205 9207 9208 9209 9210
3484	9211 9212 9213 9214 9215 9217 9218 9220
3485	9221 9222
3486	9224 9225 9226 9228
3487	9230 9231 9232 9233 9234
3488	9235 9236
3489	9238 9239 9240 9241
3490	9243
3491	9244 9246 9247 9248 9249 9250
3493	9251 9253 9254
3494	9255 9257
3495	9259 9260 9261 9262 9264 9265
3496	9266 9268 9269
3497	9270 9271 9272 9274
3498	9275 9277 9278
3499	9279 9280 9282 9283 9284 9285
3500	9287 9288 9289 9290
3501	9292 9293
3502	9295 9296 9297 9298
3503	9299
3504	9300 9301 9303
3505	9304 9305 9307 9308 9309
3507	9310 9311 9312 9313 9314 9315
3508	9317 9318 9319 9320 9321 9323
3509	9324 9325 9327
3510	9328
3511	9329 9331 9332 9333 9334 9335
3512	9336 9337
3513	9338 9339
3514	9340 9341
3515	9342 9343 9345 9346
3516	9347 9349
3517	9351 9353 9354 9355 9356 9357
3518	9358 9359 9360 9362 9363
3519	9364 9366
3520	9368 9369 9370
3521	9371 9373 9374
3522	9375 9376
3523	9377 9378 9379 9380 9382 9383
3524	9384 9385 9387 9388
3525	9389 9390
3526	9391 9393 9394 9395
3527	9396 9397
3528	9399 9400
3529	9402 9403 9404 9405 9406 9407
3530	9409 9410
3531	9412 9413 9415 9416
3532	9417 9418
3533	9420
3534	9422 9423
3535	9424 9425 9426 9427
3536	9429
3537	9430 9432 9433 9434 9435
3538	9436 9438
3539	9440 9441 9442 9443 9444
3540	9445 9447
3541	9448 9449
3542	9450 9451
3543	9452 9453 9454 9455 9457
3544	9458 9460 9461 9462
3545	9464 9465 9466
3546	9467 9469
3547	9471 9472
3548	9473 9474 9475 9476 9477 9479
3549	9481 9482 9483 9484 9485 9486
3550	9488 9490
3551	9492 9493
3552	9494 9495 9496 9498
3553	9499 9501
3554	9502 9503 9504
3555	9506
3556	9507 9509 9510
3557	9511 9513 9514
3558	9516 9517 9518
3559	9520 9521 9522 9523
3560	9524 9526 9527 9528 9529 9530
3561	9531 9532 9534
3562	9535 9536 9537 9538
3563	9541 9542 9543
3564	9544 9546
3565	9547
3566	9548 9549
3567	9550 9551
3568	9552 9553 9555
3569	9556 9557
3570	9559 9561 9562
3571	9563 9564 9566 9567 9568
3572	9569 9570
3573	9571 9572 9573
3574	9575 9577 9578 9579 9580
3575	9582 9583 9584 9585
3576	9586
3577	9588 9589
3578	9590 9591
3579	9592 9593 9594 9595
3580	9597 9598
3581	9600 9601 9602 9603 9604 9605
3582	9607 9608 9609 9610 9611
3583	9612 9613 9614 9615 9616 9617
3584	9619 9620 9621 9622 9623 9624
3585	9626 9627
3586	9629 9630
3587	9631 9632 9633 9634
3588	9636 9637 9638
3589	9641 9642 9643 9644 9645
3590	9646 9647 9649 9650 9651
3591	9652 9654
3592	9656 9657 9658 9659
3593	9660 9661 9662 9665 9666 9667 9668 9669
3594	9670 9671
3595	9672 9674 9675 9676 9677 9678
3596	9679 9680 9682 9683
3597	9684 9686
3598	9687 9688
3599	9689 9690 9691 9693
3600	9694 9695 9696 9697 9698
3601	9700 9701 9703
3602	9704 9705
3603	9706 9707 9709
3604	9710 9711 9712 9713 9715
3605	9716
3606	9717
3607	9718
3608	9719 9720 9721
3609	9723 9724 9725 9727
3610	9728 9729
3611	9730 9731
3612	9732 9733 9735 9736 9737
3613	9738 9740 9741
3614	9742 9743 9744 9746
3615	9747 9749 9750
3616	9752 9753
3617	9754 9755 9756 9757
3618	9759 9760
3619	9761 9762 9764 9765
3620	9766 9768 9769
3621	9771 9772 9773 9774 9775 9776
3622	9777 9778 9779 9781
3623	9782 9783
3624	9784
3625	9785
3626	9786 9787
3627	9788
3628	9789
3629	9790 9792 9793 9794 9795
3630	9796 9797
3631	9798
3632	9799 9800
3633	9801 9802 9803 9805
3634	9806 9807
3635	9808 9809 9810 9811 9812 9814
3636	9815 9817
3637	9818 9819
3638	9821 9822
3639	9823 9825 9826
3640	9827 9829
3641	9830 9832
3642	9833 9834
3643	9836 9837 9838 9840
3644	9841 9843
3645	9844 9845 9847
3646	9849 9850 9851
3647	9852 9853
3648	9854
3649	9855 9856 9857 9859 9860 9861
3650	9862 9863
3651	9864 9865 9866 9868 9869
3652	9870 9871
3653	9872 9873 9875
3654	9876 9877
3655	9878 9879
3656	9881 9882
3657	9883 9885 9887 9888 9889 9890
3658	9891 9892
3659	9893 9894 9896
3660	9898 9899 9900
3661	9901 9903 9904
3662	9906 9907 9908
3663	9909 9910 9911 9913 9915 9916
3664	9917 9918
3665	9920 9921
3666	9922 9923 9924 9925
3667	9928 9929 9930
3668	9931 9933 9934 9935 9936
3669	9937 9938 9939
3670	9941 9943 9944
3671	9946 9947
3672	9948 9950
3673	9951 9953 9954
3674	9955 9957 9958
3675	9959 9960 9962 9963
3676	9964 9965
3677	9966 9967 9969 9970
3678	9971 9973
3679	9974 9975 9977 9978 9979
3680	9980 9982 9983
3681	9984 9986 9987
3682	9988 9989 9991 9992 9993
3683	9994 9995 9996 9998
3684	9999 10000 10001 10002 10004
3685	10005 10006
3686	10008 10009 10010
3687	10013 10014 10015 10016
3688	10017 10018
3689	10020 10022 10023
3690	10024 10025
3691	10026 10027 10028 10029
3692	10031 10032 10033 10035
3693	10037 10038
3694	10039 10040 10041 10043
3695	10045 10046 10047
3696	10048 10049
3697	10051 10052 10053
3698	10054 10055 10056 10057
3699	10059 10060
3700	10062
3701	10063 10064 10066
3703	10067 10069 10070
3704	10072 10073 10074 10075
3705	10077 10078 10079
3706	10080
3707	10081 10082
3708	10084 10085
3709	10087 10088 10089 10090
3710	10091 10092
3711	10094 10095
3712	10097 10098
3713	10099 10100 10101
3714	10103 10104
3715	10106 10107
3716	10108 10109 10110
3717	10112 10113 10115
3718	10116 10118 10119 10120 10121
3719	10122 10123 10125 10126 10127
3720	10128 10129
3721	10132 10133 10134 10135
3722	10137 10138
3723	10139
3724	10140 10141
3725	10143 10144
3726	10145 10146
3727	10147 10148 10150 10151
3728	10152 10153 10154 10156 10157
3729	10158 10159
3730	10160 10161 10163
3731	10164 10165 10167
3732	10169 10170 10171 10172 10173 10174
3733	10175 10176
3734	10177 10178
3735	10179 10180 10182
3736	10183 10184 10185
3737	10187 10188 10191 10192 10193 10194 10195 10196 10197
3738	10199 10200 10201
3739	10202 10203
3740	10205
3741	10206 10207 10208
3742	10210 10211
3743	10212 10214 10215 10216 10217
3744	10218 10220
3745	10221 10222 10223 10224 10225
3746	10227 10228 10229 10231
3747	10232 10233
3748	10235 10236 10237
3749	10239 10240 10241
3750	10242 10244
3751	10245 10247
3752	10248 10249 10250 10251 10253
3753	10254 10255
3754	10256 10257
3755	10258 10259
3756	10261 10262 10263 10265
3757	10266 10268 10269 10270 10271 10272
3758	10274 10275 10276 10277 10278
3759	10279 10280 10282
3760	10283 10285 10286 10287
3761	10288 10289 10290 10293 10294 10295
3762	10296 10298 10299 10300
3763	10301 10302 10303 10305
3764	10306 10308 10309 10310 10311
3765	10313 10314
3766	10316 10317
3767	10319 10320 10321
3768	10322 10323 10324 10326 10327 10328
3769	10330 10331 10332
3770	10333
3771	10334
3772	10335 10336 10338
3773	10339 10341
3774	10343 10344 10345
3775	10346 10347 10348 10349
3776	10352 10353 10354 10355 10356
3777	10357
3778	10358 10359 10360 10361
3779	10363 10365 10366 10367 10368
3780	10369
3781	10370 10371
3782	10373 10374 10375 10376 10377 10378
3783	10380 10382 10383 10384 10385 10386
3784	10388 10389
3785	10390 10391 10393
3786	10394 10396 10397 10398
3787	10400 10401
3788	10402
3789	10404 10405 10406
3790	10407 10408 10409 10410 10412
3791	10413 10414
3792	10415
3793	10416 10417 10418 10419 10420 10422
3794	10424 10426 10427
3795	10429 10430
3796	10431
3797	10432 10433 10435 10436 10437
3798	10438 10439
3799	10440 10441
3800	10443 10445
3801	10447 10448
3802	10449 10450
3803	10451 10452 10453 10455 10456
3804	10457 10458 10459
3805	10462 10463
3806	10464 10465
3807	10466 10467
3808	10468 10469 10470 10472
3809	10473 10474 10476
3810	10477 10478
3811	10479 10480 10481 10482 10483 10485
3812	10486 10487 10488 10489 10490 10491
3813	10494 10495
3814	10496 10498
3815	10499 10500 10502
3816	10504 10505 10506
3817	10507 10508 10509 10511
3818	10512 10513 10514 10516
3819	10517 10518
3820	10519 10520
3821	10521 10523 10524
3822	10526 10527 10528 10529
3823	10530
3824	10531
3825	10532
3826	10533
3827	10534 10535 10537 10538 10539
3828	10540 10541 10542
3829	10545 10546
3830	10548 10549 10550 10551 10552 10553 10555
3831	10557 10558 10559
3832	10561 10562 10563 10564
3834	10565 10566
3835	10567 10568 10569 10570 10571 10572
3836	10574 10575
3837	10576 10577
3838	10578 10579
3839	10581 10583
3840	10584 10585 10586 10587
3841	10589 10590 10592 10593 10594
3842	10595 10597 10598
3843	10599 10601 10602
3844	10603 10605 10606 10607 10608 10609
3845	10610
3846	10611 10613 10614 10615
3847	10616 10617 10619 10620
3848	10621 10622 10624 10625
3849	10626 10628 10629 10630
3850	10632 10633 10634
3851	10635 10636 10638
3852	10639 10641
3853	10642
3854	10643 10644
3855	10646 10647 10648 10650 10651 10652
3856	10654 10655 10657 10658 10659
3857	10661 10662 10663 10664
3858	10665
3859	10666 10667
3860	10668 10669
3861	10670 10672
3862	10673 10674 10675 10677 10678
3863	10679 10680 10681 10683 10684
3864	10685 10686 10687 10688 10690 10691
3866	10692 10693 10694 10696
3867	10697 10699
3868	10700 10701
3869	10703 10704
3870	10705 10706
3871	10707 10708
3872	10710 10713 10714 10715 10716 10717 10718 10719
3874	10720
3876	10721 10722
3877	10724 10725 10726 10727 10729
3878	10730 10731 10732 10733
3879	10735 10736 10737 10738 10739 10741
3881	10743 10744 10745 10746
3882	10747 10748 10750 10751
3883	10752 10753
3884	10754 10755
3885	10756 10757
3886	10758 10760
3887	10761
3888	10762 10763
3889	10764 10765
3890	10766 10767 10769
3891	10770 10772 10773 10774
3892	10775 10776
3893	10777 10779 10780 10781
3894	10782 10783 10785
3895	10786 10787
3896	10789 10790 10792
3897	10793 10794 10795 10796
3898	10799 10800 10801
3899	10802 10803 10804 10806
3900	10807 10808 10810 10811
3901	10812 10813
3902	10815 10816
3903	10818 10819 10820 10821 10822
3904	10823 10824
3905	10826 10827 10828 10829 10831 10832
3906	10833 10834
3907	10835 10837
3908	10838 10839
3909	10840 10842 10843 10844 10845
3910	10847 10848 10849
3911	10850 10852 10853 10854 10855
3912	10857 10858
3913	10859 10860 10862
3914	10863 10864
3915	10866 10867 10868 10871 10872 10873 10874 10875
3916	10877 10878
3917	10879 10880 10882 10883
3918	10884 10885 10886 10888 10889
3919	10890 10891 10893
3920	10894 10895 10897
3921	10898 10899 10901
3922	10902 10903 10904 10905
3923	10907 10909
3924	10910 10912
3925	10913 10914
3926	10915 10916 10917 10918 10919
3927	10922 10923
3928	10924 10926
3929	10927 10928 10930
3930	10931 10932
3931	10933 10934 10936 10937
3932	10938
3933	10939 10940
3934	10941 10943 10944
3935	10945 10946
3936	10948 10949
3937	10950 10951 10953 10954
3938	10955 10956 10958 10959 10960 10961
3939	10962 10963
3940	10964 10965
3941	10966
3942	10968 10969 10970 10971 10973 10974
3943	10975
3944	10976
3945	10978 10979
3946	10980 10981 10983 10984
3947	10985 10986 10987 10988
3948	10990 10991 10993 10994
3949	10995
3950	10996 10997 10998 10999
3952	11002 11003 11004
3953	11006 11007 11008
3954	11009 11010
3955	11011 11012
3956	11013 11014 11015 11017 11018
3957	11019 11020 11021 11023 11024 11025
3958	11027 11028
3959	11029 11030 11031 11032 11034
3960	11035 11036 11038 11039 11040 11041
3961	11042 11043 11044
3962	11046 11048 11049 11050
3963	11051 11052 11053 11054
3964	11056 11057
3965	11059 11060 11061
3966	11063 11064 11065 11066
3967	11067 11068 11069 11070 11072 11073
3968	11074 11075
3969	11076 11077
3970	11078
3971	11079 11080 11082 11083
3972	11084 11085 11087 11088 11089
3973	11090 11091 11092 11093 11095
3974	11097 11098
3975	11099 11100
3976	11101 11102 11104 11105 11106
3977	11107 11108
3978	11109 11110
3979	11111 11112
3980	11113 11115
3981	11116 11117
3982	11119 11120 11121 11122 11123 11124
3983	11125 11126
3984	11127 11128
3985	11129 11131 11132 11133
3986	11134 11135 11136 11138
3987	11139 11140 11142
3989	11144 11145
3990	11146
3991	11147
3992	11148 11149
3993	11150
3994	11151
3995	11152
3996	11153 11154
3997	11156 11157 11159
3998	11161 11162 11163 11164 11165
3999	11166 11167 11169 11170
4001	11171 11172
4002	11174 11176 11177 11178 11179
4003	11180 11181 11182
4004	11184 11185
4005	11186
4006	11187 11188 11190
4007	11191 11192 11193
4008	11196 11197 11198
4009	11199 11200 11202
4010	11203 11204
4011	11205
4012	11206 11207
4013	11209 11210 11212
4014	11213 11214 11216
4015	11217 11218 11219 11220 11221 11223
4016	11224 11225
4017	11226 11228 11229
4018	11231 11232 11233 11234 11235 11236
4019	11237 11239 11240 11241 11242 11243
4020	11245 11246
4021	11247 11248
4022	11250 11252
4023	11253
4024	11254 11255 11256 11258 11259
4025	11260 11261 11262
4027	11264 11265
4028	11267 11268 11269
4029	11270
4030	11271 11272 11273 11275
4031	11276 11278
4032	11279 11280
4033	11282 11283
4034	11284 11285
4035	11287 11288 11290
4036	11291 11292 11293 11294
4037	11297 11298 11299
4038	11300 11301
4039	11303 11304 11305
4040	11308 11309 11310
4041	11311 11313
4042	11314 11316 11317 11318 11319
4043	11320
4044	11321 11322 11324
4045	11325 11326 11328
4046	11330 11331 11332
4047	11333 11334
4048	11335 11337
4049	11338 11339
4050	11341 11343
4051	11344 11345
4052	11346 11347
4053	11348
4054	11349 11350
4055	11351
4056	11352 11353 11354 11356 11357
4058	11358 11360
4059	11361 11363
4060	11364 11365
4061	11367 11368
4062	11370
4063	11371 11372
4064	11374 11375
4065	11376 11377 11379 11380 11381
4066	11382 11383 11385
4067	11387 11388
4068	11389 11391 11392
4069	11393 11395
4070	11396 11397
4071	11400 11401 11402
4072	11403
4073	11404 11406 11407 11408
4074	11409 11410 11412
4075	11413 11415 11416
4076	11417 11418 11419 11421
4077	11423 11424 11425 11426 11427
4078	11428 11430 11431 11432 11433
4079	11435 11436
4080	11437 11439 11440
4081	11442 11443
4082	11444 11445 11446 11448
4083	11449
4084	11451 11452 11453 11454
4085	11455 11457 11458
4086	11459 11460 11462 11463
4087	11464 11465
4088	11466 11468 11469
4089	11471 11472
4090	11473 11474
4091	11476 11477 11479 11480 11481
4092	11482 11483 11484
4093	11486 11487
4094	11489 11490 11491
4095	11492 11493
4096	11495 11496 11497
4097	11500 11501 11502 11503 11504
4098	11505 11506 11507
4099	11509 11510
4100	11511 11512
4101	11515 11516 11517
4102	11518 11519 11521 11522 11523
4103	11525 11526 11527
4104	11528 11530 11531 11532 11533 11534
4105	11535 11537 11538
4106	11539 11541 11542 11543
4107	11544 11546 11547
4108	11548 11549 11550 11551
4109	11553 11554 11555 11557 11558
4110	11559 11560 11562 11563 11564
4112	11565 11566 11567 11569
4113	11570 11571 11572 11573 11575
4114	11576 11577 11578
4115	11581 11582 11583
4116	11584 11586
4117	11587 11588 11589 11591 11592
4118	11593
4119	11595 11596 11597
4120	11598 11599 11601 11602
4121	11603 11604 11606 11607 11608
4122	11609 11610 11611
4123	11613 11614
4124	11615 11616 11618 11619 11620 11621
4125	11622 11624 11625 11626
4126	11627 11629
4127	11630 11631 11633
4129	11634 11636 11637 11638 11639 11640
4130	11641 11642 11643 11644 11645
4131	11648 11649 11650
4132	11651 11652 11654
4133	11655 11656 11657 11659 11660
4134	11661 11662 11663 11665 11666
4135	11667 11668
4136	11669 11671
4137	11672 11673 11674 11675 11678 11679 11680
4138	11681 11682 11683 11685
4139	11686 11687
4140	11688 11689
4141	11691
4142	11692
4143	11693 11694
4144	11695 11697 11698
4145	11699 11700
4146	11702 11703 11704 11705 11706
4147	11708 11709 11711
4148	11712 11713 11714 11715
4149	11717 11719 11720
4150	11721 11722 11724
4151	11725
4152	11727 11728 11729 11730
4153	11731 11732 11733 11734 11736 11737
4154	11738 11740 11741
4155	11742 11743 11744 11746 11747
4156	11748 11750 11751
4157	11752 11753
4158	11754 11755
4159	11757 11758
4160	11759 11760 11762 11763 11764
4161	11765 11766
4162	11767 11768 11769
4163	11771 11772 11773 11774 11775
4164	11777 11778 11780
4165	11781 11782 11784 11785 11786 11787
4166	11789 11790 11792
4167	11793 11794
4168	11796 11797
4169	11798 11799 11800 11801 11802
4170	11805 11806 11807 11808
4171	11809 11811
4172	11813 11814
4173	11815 11816
4174	11817 11818
4175	11819
4176	11820 11822
4177	11823 11824
4178	11826 11827 11828 11829 11830 11832
4179	11833 11835
4180	11837 11838 11839 11840 11841
4181	11842
4182	11843 11844 11845 11846 11847
4183	11849 11850 11851 11852 11853
4184	11856 11857
4185	11858 11859
4186	11860
4187	11861 11863 11864 11865 11867 11868
4188	11869
4189	11870 11871
4190	11872 11874 11875 11876 11878 11879 11880
4191	11881 11882 11883 11884 11886
4192	11887 11888 11889 11890
4193	11892 11893 11895
4194	11896 11897 11898 11900 11901
4195	11902 11903
4196	11905 11907 11908 11909
4197	11910 11911 11912 11914 11915
4198	11916 11917
4199	11918 11920 11921
4200	11922
4201	11923 11925 11926 11927 11928
4202	11929 11930 11931 11932 11934
4204	11935 11936 11937
4205	11939 11940
4206	11941 11942 11943 11944 11945 11946
4207	11948 11949 11950
4208	11952
4209	11953 11954
4210	11955 11956
4211	11957 11959 11960 11961
4212	11962 11963 11965 11966
4213	11967 11968
4214	11970 11971 11972 11973 11975
4215	11976 11977 11978
4216	11980 11981 11982 11984
4217	11985 11986 11987 11988 11989 11990 11992 11994
4218	11995 11996 11998
4219	11999 12001 12002
4220	12003 12004 12006 12007
4221	12008 12009 12010
4222	12012 12013 12014
4223	12016 12017 12018 12019 12020 12021
4224	12023 12024 12025 12026 12028
4225	12029 12030
4226	12031 12032 12033
4227	12035 12036
4228	12038 12040 12041 12042
4229	12043 12045
4230	12046 12048 12049
4231	12050 12051
4232	12052 12054 12055
4233	12056 12057 12059
4234	12060 12061 12062 12064 12065
4235	12067 12068 12069 12070 12071 12072
4236	12073 12074 12076
4237	12077
4238	12078 12080
4239	12081 12082
4240	12084 12085 12086 12087
4241	12088 12089
4242	12091 12092
4243	12093 12094 12096 12097 12098
4244	12100 12101 12102 12103
4245	12105 12106 12107
4246	12108 12109
4247	12111
4248	12112
4249	12113 12114 12115 12116
4250	12118 12119
4251	12120 12121 12122 12123 12124
4252	12126 12127
4254	12130 12131
4255	12132 12133 12135 12136
4256	12138 12139
4257	12140 12141 12142 12143 12145
4258	12146 12148 12149 12150
4259	12151 12152 12153 12154
4260	12156 12157 12158
4261	12161 12162 12163 12164
4262	12165 12166 12167 12168 12169 12170
4264	12173 12174 12175
4265	12176 12177 12179 12180
4266	12181 12182 12184 12185
4267	12186 12187 12188 12189 12190
4268	12192 12194 12195 12196
4269	12198 12199
4270	12200 12202
4271	12203 12204
4272	12205 12206 12208 12209 12210 12211 12212
4273	12215 12216 12217
4274	12218 12220 12221 12222 12223
4275	12224 12226 12227 12228
4277	12229 12230 12231 12232 12233 12235
4278	12236 12237
4279	12238
4280	12239 12240 12242 12243
4281	12244 12245 12247 12248
4282	12249 12250
4283	12252 12253
4284	12254 12256
4285	12257 12258 12260
4286	12261 12262 12264
4287	12265 12266
4288	12267 12268 12269 12270
4289	12272 12273
4290	12275 12276
4291	12278 12280 12281 12282 12283
4292	12284 12285 12286 12287 12289 12290
4293	12291 12292 12294 12295 12296 12297
4294	12298 12299 12300 12301 12302
4295	12305 12306
4296	12307 12309 12310
4297	12311 12312 12313 12316 12317 12318
4298	12320 12321
4299	12322 12323 12325 12326 12327
4300	12328 12330
4301	12331 12332 12334
4302	12335 12336 12337 12338 12339 12341
4303	12342 12343 12345 12346 12347 12348 12349
4304	12351 12353
4305	12355 12356 12357 12358 12359
4306	12360 12361 12362
4307	12364
4308	12365 12366 12367 12368 12370
4309	12371 12372
4310	12373 12374
4311	12376 12377
4312	12378 12380 12381 12382
4313	12383 12385 12386
4314	12387 12388 12389 12391 12392 12393
4315	12394 12395
4316	12397 12398 12399 12400 12401 12403
4317	12404 12405
4318	12407 12408
4319	12409 12410 12411 12412 12414
4320	12415 12416 12417 12419
4321	12420 12421 12422 12423 12425
4322	12426 12427 12428 12429
4323	12431 12433 12434 12435
4324	12436 12438 12439
4325	12440 12442 12443
4326	12444 12446 12447 12448
4327	12449 12450
4328	12452 12453
4329	12454 12456
4330	12457 12458 12460 12461 12462
4331	12464 12465
4332	12466 12467
4333	12468
4334	12469 12470 12471 12473
4335	12474 12475 12476 12477 12479 12480
4336	12481 12482 12483 12484 12486
4337	12487 12489
4338	12490 12491 12492 12493 12494 12495 12497 12498 12500
4339	12502 12503
4340	12504 12505 12506 12507 12508
4341	12510 12512
4342	12514 12515 12516 12517
4343	12518 12519
4344	12521 12522
4345	12523 12525
4347	12526 12527
4348	12529 12530 12531 12532
4349	12533 12534 12536
4351	12537 12538 12540
4352	12542 12543 12544
4353	12546 12547 12548 12549 12550
4354	12551 12552
4355	12553 12555 12556
4356	12558 12559
4357	12560 12562
4358	12563 12565
4359	12566 12568
4360	12569 12571
4361	12572 12573 12575
4362	12576 12577 12578 12579 12581
4363	12582 12584
4364	12585 12586 12587 12590 12591 12592 12593
4365	12594 12595
4366	12596
4367	12597 12598 12600 12601
4368	12602 12603 12604
4369	12607 12608 12609
4370	12610 12612
4371	12614 12615 12616
4372	12618 12619 12620
4373	12622 12623
4374	12624 12625
4375	12627 12628 12629 12630
4376	12631 12633 12635 12636 12637 12638 12639 12640
4377	12641 12642
4378	12643 12644
4379	12645 12646
4380	12648 12649 12650
4381	12651 12652
4382	12654 12655
4383	12656 12657
4384	12658 12659 12660
4385	12662 12663
4386	12664
4387	12665 12667 12669 12670 12671 12672
4388	12673 12674 12675
4389	12677 12678 12679 12680 12681 12682
4390	12684 12685
4391	12686 12687 12688 12689 12691
4392	12692 12693 12694 12696
4393	12697 12698
4394	12700 12701 12702
4395	12703 12705
4396	12706 12707
4397	12708 12710 12711
4398	12713 12714 12715 12716
4400	12718 12719
4401	12720 12722 12723
4402	12724 12725
4403	12726 12727 12729 12730
4404	12731 12733
4405	12734 12735
4406	12736 12737 12738 12739 12740 12741
4407	12744 12745
4408	12747 12748 12750
4409	12751 12752
4410	12753 12755 12756
4411	12757 12758
4412	12759 12760 12761 12762 12763
4413	12765 12766
4414	12768 12769
4415	12771 12772 12774
4416	12775 12776 12777 12778 12779 12780
4417	12782 12784 12785
4418	12787 12788 12789
4419	12790
4420	12792 12793
4422	12794 12795
4423	12796
4424	12797 12798
4425	12800
4426	12801 12802 12803 12804 12805 12807
4427	12808 12809 12810 12812
4428	12813 12814
4429	12816
4430	12818 12819 12820 12821
4431	12822 12823 12824 12826
4432	12827 12829 12830 12831
4433	12832 12833 12835 12836
4434	12837 12838 12839 12840 12842
4435	12844 12845 12846
4436	12847
4437	12849 12850 12851 12852 12854 12855 12856
4439	12857 12859
4440	12860 12861 12862 12863 12865
4441	12866 12867 12868 12869 12871
4442	12872 12873 12875 12876
4443	12877 12879
4444	12880 12881 12882 12884
4445	12885 12886 12887 12888 12889
4447	12891
4448	12892 12893 12894 12896
4449	12897 12898
4450	12900 12902
4451	12903
4452	12904 12905
4453	12906 12907 12908 12909 12910 12913
4454	12914
4455	12916 12917 12918 12920 12921 12922
4456	12923 12925 12926 12927
4457	12928 12929
4458	12930 12931
4459	12932 12933 12934 12935
4460	12937 12939
4461	12940 12942 12943
4462	12944 12945 12947
4463	12949 12950 12951
4464	12953 12954 12955 12956 12958 12959
4465	12960 12961
4466	12962 12964
4467	12966 12967 12968
4468	12969 12970 12971
4469	12974 12975
4470	12976 12977 12978 12980
4471	12981 12982 12983
4472	12985
4473	12987 12988 12989
4474	12990 12992 12993
4475	12994 12995
4477	12996 12997
4478	12998 12999
4479	13001 13002 13003
4480	13005 13006
4481	13007 13008
4482	13009 13011
4483	13012 13013
4484	13015 13016
4485	13018 13019 13020
4486	13021 13022 13023 13025 13026
4487	13027 13028 13029 13030 13032 13033
4488	13035 13036
4489	13037 13039
4490	13040
4491	13041
4492	13042 13044 13045
4493	13046 13048 13049
4494	13050 13052 13053 13054 13055 13056 13057
4495	13059 13060 13061 13063 13064 13065
4496	13066
4497	13067 13068
4498	13069 13071 13072 13073
4499	13075 13076 13077 13078 13079
4500	13080 13081 13082
4501	13084 13085 13086 13088
4502	13089 13091 13092
4503	13093 13094 13096 13097
4504	13099 13100 13101 13102
4505	13103 13104 13105 13106
4506	13108
4507	13109 13110
4508	13111 13113 13114 13115 13116
4509	13117 13118 13119 13120 13121
4510	13123 13124 13125 13127 13128 13129
4511	13130 13131
4512	13133 13135 13136 13137 13138
4513	13139 13140
4514	13141
4515	13142 13143 13144 13145 13147 13148
4516	13149 13150
4517	13151
4518	13152 13153
4519	13154 13155
4520	13156 13157
4521	13159
4522	13160 13161
4523	13163 13164 13166 13167 13168
4524	13169 13170 13171 13173 13174 13175
4525	13178 13179 13180 13181 13182
4526	13183 13184 13185 13187 13188 13190 13191
4527	13192 13194 13195 13196
4528	13197 13198
4529	13199 13201 13202
4530	13203 13204
4531	13205 13206 13207 13208 13209 13210
4532	13212 13214
4533	13215 13216
4534	13218 13219
4535	13221 13222
4536	13223 13225 13226
4537	13228 13229 13230 13231 13232
4538	13233 13234 13236
4539	13237 13238
4540	13240 13242 13243 13244
4541	13246 13247 13248
4542	13249 13251
4543	13252 13254
4544	13255 13256 13257 13259
4546	13260 13261 13262
4547	13264 13265
4548	13266 13267 13269 13270 13271 13272
4550	13273 13274 13275 13276 13278
4551	13279 13280
4552	13281 13282
4553	13284 13285
4554	13286 13287 13289
4555	13290 13291 13292 13294
4556	13296 13297 13298
4557	13299 13300 13302
4558	13303 13304
4559	13306 13308 13309
4560	13310 13311
4561	13312 13313 13315
4562	13316 13317
4563	13319 13320 13321 13322
4564	13323 13324 13325 13327 13328
4565	13329
4566	13331 13332 13333 13334 13335
4567	13336 13337 13338 13340 13341
4569	13342 13343
4570	13345 13346
4571	13347 13349
4572	13350 13351 13352 13354
4573	13355 13356 13357 13358 13360 13361
4574	13362 13363 13365 13366 13367
4575	13368 13369 13371
4576	13372 13374 13375
4577	13376 13378
4578	13379 13380 13381
4579	13383 13384 13385 13387
4580	13388 13389
4581	13390 13391
4582	13392 13393 13394
4583	13396 13397
4584	13399 13400 13401 13402
4585	13404 13405 13406 13407
4586	13409 13410
4587	13411
4588	13412 13413 13414 13415
4589	13417 13418 13420 13421
4590	13422
4591	13424 13425
4592	13426 13427 13428 13430 13431
4593	13433 13434 13435
4594	13436 13437 13439 13440 13441 13442
4595	13443 13444
4596	13445 13446 13447 13449
4597	13451 13452
4598	13454 13455 13456 13457
4599	13458 13459
4600	13460 13462
4601	13463 13464 13465 13466 13467 13469
4602	13470
4603	13471 13473 13474
4604	13475 13476
4605	13477 13478
4606	13480 13482 13483 13484
4607	13485 13486
4608	13488 13489 13490
4609	13492 13493
4610	13495 13496 13497
4611	13498 13499
4612	13500 13501
4613	13502 13504 13505
4614	13506 13508 13509 13510
4615	13511 13512
4616	13513 13514 13516 13517 13518
4617	13519 13521
4618	13522 13524 13525 13526
4619	13527 13528
4620	13530 13531
4621	13532
4622	13533 13534 13536
4623	13537 13538 13539 13541 13542 13543
4624	13545 13546 13547 13548 13549 13550
4625	13551 13552
4626	13553 13554
4627	13556 13557
4628	13558 13559 13560 13561 13562 13563
4629	13566 13567 13568
4630	13569
4631	13570
4632	13572 13573 13574 13575
4633	13576 13578 13579
4634	13580 13582
4635	13583 13584 13585
4636	13588 13589 13590
4637	13592 13593 13594 13595
4638	13597 13598 13599
4639	13600
4640	13601 13602
4641	13604 13605 13606 13608
4642	13609 13610
4643	13611 13612 13613 13614 13615
4644	13617 13618
4645	13619 13620 13621 13622 13623 13625
4646	13627 13628 13630 13631 13632
4647	13633 13634
4648	13636 13637 13638
4649	13639 13641 13642 13643
4650	13644 13646 13647 13648
4651	13649 13650
4652	13653 13654 13655
4653	13656 13657
4654	13659 13660
4655	13661 13662 13663
4656	13665 13666 13667 13669 13670 13671 13673
4657	13674 13676 13677 13678
4658	13679 13680
4659	13682 13683 13684
4660	13687 13688
4661	13689 13690 13691 13692 13694 13695
4662	13697 13698 13699 13700
4663	13701 13702
4664	13704 13706
4665	13707 13709 13710
4666	13711 13712 13713 13714 13715
4667	13718 13719 13721 13722 13723 13724
4668	13726 13727
4669	13728 13729 13730 13732
4670	13734 13735
4671	13736 13737 13739 13740 13741 13743
4672	13744 13745
4673	13748 13749
4674	13750 13751
4675	13753 13755 13756
4676	13757 13758
4677	13761 13762
4678	13763 13764
4679	13766 13767 13768 13770 13771 13772
4680	13773 13775 13776
4681	13778 13779 13780
4682	13781 13782
4683	13786 13787 13788 13789 13790 13791 13792
4684	13793 13795 13796
4685	13797 13799 13800 13801 13802
4686	13803 13804 13805 13807 13808
4687	13810 13811 13812
4688	13813 13814 13816 13817
4689	13819 13820
4690	13821 13822 13823
4691	13826 13827
4692	13828 13830 13831
4693	13832 13834 13835 13836 13837 13838
4694	13839 13840 13842 13843 13844 13846
4695	13847 13848 13849 13852 13853 13854 13855
4696	13857 13858
4697	13859 13860 13861 13862
4698	13864 13866
4699	13868 13869 13870 13871 13872
4700	13873 13874 13876 13877 13878
4701	13879
4702	13880 13881
4703	13882
4704	13884 13885 13886
4705	13888 13889 13890 13891
4706	13892 13894
4707	13895 13896
4708	13897 13898 13899 13901
4709	13902 13903
4710	13905 13906 13907
4711	13910 13911 13912
4712	13913 13915 13916 13917
4713	13918 13919
4714	13920 13921
4715	13923 13924 13925 13926
4716	13927 13928
4717	13929 13930 13931 13933
4718	13934 13936
4719	13937 13938 13939 13940 13941 13942
4720	13944 13945 13947 13948 13949
4721	13950 13951 13953 13954 13955 13956
4722	13958 13959 13960 13962
4723	13963 13964
4724	13966 13967
4725	13968 13969 13970
4726	13972 13974 13975
4727	13976 13978 13979
4728	13980 13981 13982
4729	13984 13986
4730	13987 13988
4731	13989
4732	13990
4733	13991 13992 13994
4734	13996 13997
4735	13998 14000 14001 14002
4736	14004 14005 14006
4737	14007
4738	14009 14010
4739	14011 14012
4740	14014 14015 14016
4741	14018 14019 14020 14021 14022 14023
4742	14024 14026 14027
4743	14028 14029 14030 14031
4744	14033 14035 14036 14037
4745	14038 14039 14041 14042 14043 14044
4746	14045 14047 14048 14049 14050
4747	14051 14052 14054 14055
4748	14056 14057 14058 14059
4749	14062 14063 14064
4750	14066 14067 14068
4751	14070 14071
4752	14073 14074
4753	14076 14077 14078 14079 14080
4755	14081
4756	14082 14083 14085 14086 14087
4757	14088 14090
4758	14091 14093 14094
4759	14095 14096
4760	14097 14099 14100
4761	14101 14102 14104
4762	14105 14106 14107 14109 14110
4763	14111 14113
4764	14114 14116
4765	14117 14118
4766	14120 14122 14123
4768	14124
4769	14126 14127 14128 14129
4770	14130 14131
4771	14133 14134
4772	14137 14138 14139
4773	14141 14142 14143 14144 14145 14146
4774	14147 14148
4775	14149
4776	14150 14152 14153
4778	14154 14155 14156 14157
4779	14159 14160 14161 14162 14163 14164
4780	14166 14167 14168 14169 14170 14172
4781	14173 14175
4782	14176 14177 14178 14179
4783	14181 14182 14183 14185 14186 14187
4784	14188 14189
4785	14191 14192 14193 14194
4786	14196 14197
4787	14198 14199 14200 14201 14203
4788	14204 14205 14206 14208
4789	14209 14210 14211 14212
4790	14215 14216
4791	14217 14218
4792	14219 14220
4793	14221 14222 14223 14224
4794	14226 14227 14228
4795	14230
4796	14231 14232 14233 14234
4797	14236 14237 14238 14240
4798	14241 14243
4799	14244 14245 14246 14247 14249 14250
4800	14251 14252 14253 14255
4801	14256 14257
4802	14258
4803	14259 14260
4804	14262 14263 14264 14265 14266
4805	14268 14269
4806	14270 14271 14272
4807	14274 14276 14277 14278 14279
4808	14281 14282
4809	14284 14285 14286 14287 14288
4810	14289 14290
4811	14291 14292
4812	14295 14296 14297
4813	14298 14299
4814	14301 14302 14303 14305 14306
4815	14307
4816	14308
4817	14309 14310 14312 14313
4818	14314 14315
4819	14317 14318 14320 14321
4820	14322 14323 14324 14325 14326 14328
4821	14329 14330 14331
4822	14333 14334 14335 14337 14338
4823	14339 14340 14342
4824	14343
4825	14344 14346 14347 14348 14349
4826	14350 14351 14353 14354 14355
4827	14356 14358 14359
4828	14360 14361 14363 14364 14365 14366
4829	14367
4830	14368 14369 14370
4831	14372 14373 14374 14375 14377 14378
4832	14379 14380 14382 14383
4833	14384 14385
4834	14387
4835	14388 14389 14390 14392 14393
4836	14394 14396 14397 14398
4837	14399 14401 14402
4838	14403 14405
4839	14406 14407 14408
4840	14410 14412 14413
4841	14414 14415 14417
4842	14418 14419 14420 14422
4843	14423 14425
4844	14426
4845	14427 14429
4846	14430 14431
4847	14432 14433 14434
4848	14436 14438
4849	14439 14440
4850	14442 14443
4851	14444 14445 14446 14447
4852	14449 14450 14451 14452 14453 14455
4853	14458 14459 14460 14461
4854	14462 14464
4855	14465 14467 14468
4856	14469 14470
4857	14472 14473
4858	14475 14476
4859	14477 14479 14480
4860	14481 14482 14483 14484 14485
4861	14487 14489
4862	14490 14491 14493 14494
4863	14495 14496
4864	14497 14498 14499 14500 14501 14502 14503 14506
4865	14507 14508
4866	14510 14511
4867	14512 14513 14514 14516
4868	14517 14518 14520 14521
4869	14523 14524
4870	14525 14527
4871	14528 14530
4872	14531 14532 14533
4873	14535 14536
4874	14538 14539
4875	14540 14541 14542 14543 14544 14547
4876	14548 14549
4877	14552 14553 14554 14555 14556
4878	14557 14558
4879	14560 14562 14563
4880	14564 14565
4881	14567 14568
4882	14569 14570
4883	14571 14572 14574 14575
4884	14576
4885	14577
4886	14578 14580 14581
4887	14582 14583
4888	14585 14586
4889	14587
4890	14588 14589 14590 14592
4891	14593 14594 14595 14596
4892	14598 14600
4893	14602 14603 14604
4894	14605 14606
4895	14608 14609 14610
4896	14612 14613
4897	14615 14616 14617
4898	14620 14621
4899	14622 14624 14625
4900	14626 14627
4901	14628 14629
4902	14632 14633
4903	14634 14635
4904	14636
4905	14637
4906	14638 14640 14641
4907	14642 14643
4908	14645 14646
4909	14647 14648
4910	14649 14650
4911	14652 14654
4913	14655 14657
4914	14658 14659 14661
4915	14662 14663 14664 14665 14667 14668
4916	14670 14671 14672 14673
4917	14674 14676
4918	14677
4919	14678 14679
4920	14680 14681
4922	14682 14683 14685 14686
4923	14687 14688 14689 14691
4924	14692 14693 14695 14696 14697
4925	14698 14699 14700
4926	14702
4927	14703 14704
4928	14705
4929	14706 14708 14709
4930	14710
4931	14711 14713 14714 14715
4932	14716 14717 14719 14720 14721
4933	14722 14723 14724 14725 14726 14727 14728
4934	14731 14733 14734
4935	14735 14737
4936	14738 14739
4937	14740 14741 14742 14743 14744 14746
4938	14747 14748 14750 14751 14752
4939	14753 14755 14756 14757
4940	14758 14759
4941	14761 14763 14764 14766 14767 14768 14769
4942	14770 14771 14772
4943	14774 14776
4944	14777 14779 14780
4945	14781
4946	14783 14784 14785 14786
4947	14787 14788 14789 14791
4948	14792 14793
4949	14794
4950	14795 14797
4951	14799 14800 14801 14802 14803
4952	14804 14805 14806 14807 14808 14809
4953	14811 14813 14814
4954	14815 14817 14818
4955	14819 14821
4956	14822 14823
4957	14826 14827
4958	14829 14830 14831 14832
4959	14833 14834 14835 14836
4960	14838 14839 14840
4961	14842
4962	14843 14844 14846 14847
4963	14848 14850 14851
4964	14852 14853
4965	14854 14855
4966	14856 14857
4967	14858 14860 14861 14862
4968	14864 14865
4969	14866 14867 14868 14870
4970	14871 14872
4971	14874 14876
4972	14877 14878 14879 14880 14882
4973	14883
4974	14884 14885
4975	14886 14888 14889 14890
4976	14891 14892
4977	14893 14894
4978	14895
4979	14897 14898
4980	14899
4981	14900 14901
4982	14902
4983	14903 14904
4984	14907 14908
4985	14909 14911 14912
4986	14913 14914 14915
4987	14917 14918
4988	14920 14922 14923 14924
4989	14926 14927
4990	14929 14930
4991	14931 14932 14934 14935
4992	14936 14937 14939
4993	14941 14942 14943 14944
4994	14945
4995	14946 14947
4996	14948 14949
4997	14951 14952
4998	14953
4999	14954 14955 14956 14958 14959
5000	14960 14962
