0	0
0	1
0	2
2	9
2	10
2	11
6	27
6	28
6	29
6	30
7	32
7	33
7	34
7	35
7	36
8	38
8	39
8	40
12	62
12	63
12	64
12	65
12	66
13	68
13	69
13	70
14	72
14	73
14	74
18	90
18	91
19	93
19	94
19	95
19	96
19	97
19	98
19	99
19	100
21	108
21	109
21	110
21	111
23	118
23	119
24	121
26	129
27	131
27	132
27	133
31	146
31	147
31	148
31	149
32	151
32	152
33	154
34	156
34	157
34	158
35	160
35	161
39	174
39	175
39	176
41	184
41	185
41	186
41	187
41	188
43	192
43	193
43	194
43	195
43	196
43	197
43	198
43	199
45	207
45	208
45	209
45	210
46	212
46	213
46	214
46	215
46	216
47	218
47	219
47	220
50	231
50	232
50	233
50	234
51	236
51	237
51	238
51	239
53	246
53	247
53	248
54	250
54	251
55	253
55	254
58	265
58	266
58	267
58	268
58	269
59	271
59	272
59	273
59	274
60	276
60	277
60	278
61	280
61	281
63	287
63	288
63	289
63	290
63	291
63	292
63	293
63	294
65	299
65	300
65	301
68	309
68	310
68	311
68	312
68	313
68	314
70	320
70	321
70	322
72	326
72	327
72	328
72	329
72	330
72	331
72	332
73	334
73	335
73	336
73	337
74	339
74	340
75	342
75	343
75	344
76	346
76	347
76	348
79	361
79	362
79	363
81	371
81	372
81	373
81	374
81	375
83	381
83	382
83	383
83	384
86	397
86	398
87	400
87	401
87	402
88	404
88	405
89	407
89	408
89	409
89	410
90	412
90	413
90	414
90	415
90	416
91	418
94	432
94	433
94	434
94	435
94	436
96	441
96	442
96	443
96	444
96	445
96	446
99	455
99	456
99	457
102	473
102	474
102	475
102	476
103	478
103	479
103	480
103	481
103	482
105	489
105	490
105	491
105	492
107	497
108	499
111	513
111	514
111	515
111	516
111	517
111	518
112	520
112	521
112	522
112	523
114	532
114	533
116	541
116	542
119	547
119	548
119	549
119	550
119	551
122	558
122	559
122	560
122	561
122	562
122	563
122	564
122	565
122	566
124	572
124	573
124	574
124	575
124	576
124	577
125	579
125	580
125	581
125	582
127	587
127	588
127	589
127	590
128	592
128	593
128	594
128	595
128	596
132	609
132	610
132	611
132	612
132	613
132	614
132	615
132	616
136	633
136	634
136	635
138	644
138	645
138	646
139	648
139	649
139	650
143	671
143	672
143	673
143	674
143	675
144	677
145	679
145	680
146	682
146	683
146	684
146	685
146	686
148	694
148	695
148	696
148	697
149	699
149	700
149	701
149	702
149	703
153	723
153	724
153	725
154	727
154	728
154	729
154	730
154	731
154	732
154	733
155	735
155	736
155	737
156	739
156	740
156	741
156	742
156	743
156	744
156	745
156	746
160	754
161	756
161	757
161	758
161	759
162	761
162	762
162	763
162	764
162	765
162	766
163	768
163	769
163	770
163	771
163	772
164	774
164	775
164	776
164	777
164	778
168	790
168	791
168	792
168	793
168	794
168	795
169	797
169	798
169	799
169	800
172	809
172	810
174	816
174	817
174	818
175	820
175	821
175	822
175	823
176	825
179	833
179	834
179	835
179	836
180	838
180	839
180	840
180	841
180	842
180	843
180	844
181	846
181	847
181	848
181	849
182	851
182	852
182	853
183	855
183	856
183	857
184	859
184	860
184	861
184	862
184	863
184	864
185	866
185	867
185	868
189	888
189	889
190	891
190	892
190	893
191	895
193	902
193	903
193	904
193	905
193	906
194	908
194	909
194	910
197	921
197	922
197	923
197	924
197	925
197	926
197	927
197	928
198	930
198	931
198	932
198	933
200	939
200	940
201	942
201	943
202	945
202	946
202	947
202	948
202	949
202	950
204	955
204	956
204	957
204	958
205	960
205	961
205	962
205	963
205	964
205	965
205	966
209	982
211	988
211	989
211	990
211	991
211	992
211	993
211	994
213	1002
213	1003
213	1004
213	1005
213	1006
214	1008
215	1010
216	1012
216	1013
216	1014
216	1015
216	1016
217	1018
217	1019
217	1020
217	1021
217	1022
217	1023
218	1025
218	1026
218	1027
218	1028
218	1029
219	1031
219	1032
219	1033
219	1034
219	1035
219	1036
220	1038
220	1039
223	1052
223	1053
223	1054
224	1056
224	1057
224	1058
224	1059
224	1060
224	1061
224	1062
224	1063
225	1065
225	1066
225	1067
226	1069
226	1070
226	1071
226	1072
226	1073
227	1075
227	1076
227	1077
227	1078
227	1079
228	1081
228	1082
228	1083
228	1084
232	1095
232	1096
233	1098
233	1099
233	1100
233	1101
235	1107
235	1108
235	1109
235	1110
235	1111
236	1113
237	1115
237	1116
237	1117
237	1118
237	1119
239	1125
239	1126
239	1127
239	1128
239	1129
243	1143
244	1145
244	1146
244	1147
244	1148
244	1149
244	1150
244	1151
246	1153
246	1154
247	1156
247	1157
247	1158
247	1159
247	1160
247	1161
250	1176
250	1177
250	1178
250	1179
250	1180
251	1182
251	1183
251	1184
253	1189
253	1190
253	1191
254	1193
254	1194
254	1195
258	1212
258	1213
259	1215
259	1216
259	1217
259	1218
259	1219
259	1220
261	1226
261	1227
263	1233
264	1235
265	1237
265	1238
265	1239
265	1240
266	1242
266	1243
266	1244
268	1252
268	1253
268	1254
268	1255
270	1262
270	1263
270	1264
270	1265
272	1273
272	1274
272	1275
272	1276
273	1278
276	1290
276	1291
276	1292
276	1293
277	1295
277	1296
278	1298
278	1299
278	1300
279	1302
279	1303
279	1304
279	1305
279	1306
279	1307
280	1309
280	1310
280	1311
280	1312
281	1314
281	1315
281	1316
281	1317
281	1318
281	1319
281	1320
282	1322
282	1323
282	1324
282	1325
282	1326
282	1327
282	1328
282	1329
282	1330
283	1332
283	1333
283	1334
283	1335
283	1336
283	1337
283	1338
283	1339
284	1341
284	1342
284	1343
285	1345
285	1346
285	1347
286	1349
286	1350
288	1354
288	1355
288	1356
288	1357
288	1358
288	1359
288	1360
289	1362
289	1363
289	1364
289	1365
290	1367
290	1368
293	1376
293	1377
294	1379
294	1380
294	1381
294	1382
294	1383
295	1385
295	1386
295	1387
295	1388
295	1389
296	1391
296	1392
296	1393
296	1394
297	1396
297	1397
297	1398
297	1399
297	1400
297	1401
298	1403
299	1405
301	1410
301	1411
301	1412
301	1413
301	1414
301	1415
302	1417
302	1418
302	1419
302	1420
303	1422
303	1423
303	1424
304	1426
304	1427
304	1428
304	1429
305	1431
305	1432
307	1434
307	1435
308	1437
308	1438
308	1439
312	1450
312	1451
312	1452
312	1453
312	1454
312	1455
312	1456
313	1458
313	1459
313	1460
313	1461
313	1462
313	1463
313	1464
314	1466
314	1467
314	1468
314	1469
315	1471
315	1472
316	1474
316	1475
317	1477
317	1478
317	1479
318	1481
318	1482
320	1492
320	1493
320	1494
320	1495
322	1499
322	1500
322	1501
323	1503
323	1504
323	1505
323	1506
323	1507
324	1509
324	1510
324	1511
324	1512
324	1513
324	1514
325	1516
325	1517
325	1518
325	1519
325	1520
325	1521
325	1522
327	1529
327	1530
327	1531
327	1532
330	1546
330	1547
330	1548
330	1549
330	1550
331	1552
331	1553
331	1554
332	1556
332	1557
333	1559
334	1561
337	1568
337	1569
337	1570
337	1571
337	1572
341	1582
341	1583
341	1584
342	1586
342	1587
342	1588
342	1589
351	1619
351	1620
351	1621
352	1623
352	1624
352	1625
352	1626
354	1631
355	1633
355	1634
355	1635
356	1637
356	1638
356	1639
356	1640
358	1645
358	1646
358	1647
358	1648
360	1650
360	1651
360	1652
360	1653
360	1654
361	1656
361	1657
361	1658
361	1659
361	1660
362	1662
362	1663
362	1664
362	1665
362	1666
363	1668
363	1669
363	1670
364	1672
364	1673
364	1674
364	1675
364	1676
365	1678
365	1679
365	1680
365	1681
366	1683
367	1685
367	1686
367	1687
367	1688
371	1706
371	1707
371	1708
371	1709
371	1710
371	1711
373	1719
373	1720
373	1721
375	1723
375	1724
379	1741
379	1742
379	1743
380	1745
381	1747
381	1748
381	1749
382	1751
382	1752
382	1753
382	1754
384	1762
384	1763
384	1764
384	1765
385	1767
385	1768
385	1769
385	1770
388	1781
388	1782
388	1783
388	1784
388	1785
390	1792
390	1793
390	1794
390	1795
390	1796
391	1798
391	1799
391	1800
394	1808
394	1809
394	1810
394	1811
394	1812
394	1813
395	1815
395	1816
395	1817
395	1818
395	1819
395	1820
395	1821
396	1823
396	1824
396	1825
396	1826
396	1827
397	1829
397	1830
397	1831
400	1841
400	1842
400	1843
401	1845
401	1846
401	1847
407	1875
407	1876
408	1878
408	1879
408	1880
413	1895
413	1896
417	1919
417	1920
417	1921
421	1938
422	1940
422	1941
422	1942
422	1943
422	1944
423	1946
423	1947
423	1948
423	1949
424	1951
424	1952
425	1954
425	1955
425	1956
425	1957
426	1959
426	1960
426	1961
426	1962
426	1963
428	1971
428	1972
428	1973
428	1974
428	1975
429	1977
429	1978
430	1980
430	1981
430	1982
430	1983
430	1984
430	1985
430	1986
430	1987
431	1989
431	1990
431	1991
436	2000
436	2001
436	2002
436	2003
436	2004
436	2005
437	2007
437	2008
437	2009
437	2010
437	2011
437	2012
437	2013
437	2014
438	2016
438	2017
438	2018
438	2019
438	2020
439	2022
439	2023
439	2024
439	2025
440	2027
440	2028
440	2029
440	2030
440	2031
440	2032
440	2033
441	2035
441	2036
441	2037
442	2039
442	2040
443	2042
443	2043
443	2044
443	2045
443	2046
445	2055
445	2056
445	2057
445	2058
445	2059
446	2061
446	2062
446	2063
446	2064
446	2065
446	2066
447	2068
447	2069
447	2070
447	2071
448	2073
448	2074
448	2075
448	2076
448	2077
449	2079
449	2080
449	2081
449	2082
451	2087
451	2088
452	2090
454	2097
454	2098
454	2099
455	2101
455	2102
455	2103
455	2104
456	2106
456	2107
456	2108
459	2114
459	2115
459	2116
459	2117
460	2119
460	2120
462	2122
462	2123
464	2125
464	2126
466	2131
466	2132
466	2133
466	2134
468	2146
468	2147
468	2148
468	2149
468	2150
468	2151
469	2153
469	2154
469	2155
472	2169
472	2170
472	2171
472	2172
472	2173
476	2181
476	2182
476	2183
476	2184
477	2186
477	2187
477	2188
477	2189
477	2190
477	2191
477	2192
478	2194
478	2195
480	2200
480	2201
480	2202
480	2203
481	2205
481	2206
481	2207
481	2208
481	2209
481	2210
481	2211
482	2213
482	2214
482	2215
482	2216
483	2218
483	2219
483	2220
483	2221
483	2222
484	2224
484	2225
484	2226
484	2227
484	2228
485	2230
485	2231
485	2232
485	2233
485	2234
485	2235
488	2244
488	2245
488	2246
488	2247
488	2248
492	2261
492	2262
492	2263
492	2264
493	2266
493	2267
493	2268
493	2269
497	2288
497	2289
497	2290
499	2295
499	2296
500	2298
500	2299
500	2300
500	2301
500	2302
500	2303
501	2305
501	2306
501	2307
501	2308
503	2314
504	2316
506	2324
506	2325
507	2327
507	2328
510	2335
510	2336
510	2337
510	2338
510	2339
510	2340
510	2341
510	2342
511	2344
511	2345
511	2346
511	2347
511	2348
511	2349
512	2351
512	2352
512	2353
512	2354
512	2355
512	2356
514	2362
514	2363
514	2364
514	2365
514	2366
515	2368
516	2370
516	2371
518	2378
518	2379
518	2380
518	2381
519	2383
519	2384
519	2385
519	2386
521	2391
521	2392
522	2394
522	2395
522	2396
522	2397
522	2398
524	2403
524	2404
527	2410
527	2411
527	2412
527	2413
528	2415
528	2416
528	2417
529	2419
529	2420
529	2421
529	2422
529	2423
529	2424
530	2426
530	2427
530	2428
530	2429
530	2430
530	2431
531	2433
531	2434
533	2440
533	2441
533	2442
536	2450
536	2451
536	2452
536	2453
536	2454
540	2467
540	2468
541	2470
541	2471
541	2472
543	2482
543	2483
543	2484
543	2485
543	2486
544	2488
544	2489
544	2490
544	2491
548	2515
548	2516
548	2517
548	2518
548	2519
548	2520
548	2521
548	2522
548	2523
549	2525
549	2526
549	2527
550	2529
550	2530
550	2531
550	2532
551	2534
551	2535
551	2536
552	2538
554	2544
554	2545
554	2546
555	2548
555	2549
555	2550
555	2551
556	2553
557	2555
560	2567
564	2587
564	2588
564	2589
564	2590
565	2592
565	2593
565	2594
565	2595
565	2596
565	2597
565	2598
565	2599
565	2600
566	2602
566	2603
566	2604
566	2605
566	2606
566	2607
569	2619
569	2620
570	2622
570	2623
570	2624
571	2626
571	2627
571	2628
571	2629
573	2636
573	2637
573	2638
573	2639
574	2641
574	2642
574	2643
574	2644
574	2645
574	2646
575	2648
575	2649
575	2650
575	2651
576	2653
576	2654
576	2655
576	2656
576	2657
576	2658
577	2660
577	2661
577	2662
577	2663
577	2664
578	2666
578	2667
579	2669
579	2670
579	2671
579	2672
579	2673
579	2674
579	2675
579	2676
579	2677
582	2686
582	2687
582	2688
582	2689
583	2691
583	2692
583	2693
583	2694
583	2695
583	2696
586	2711
586	2712
586	2713
587	2715
589	2719
589	2720
589	2721
589	2722
590	2724
590	2725
590	2726
590	2727
590	2728
590	2729
592	2735
592	2736
593	2738
593	2739
593	2740
594	2742
594	2743
594	2744
594	2745
596	2747
596	2748
598	2755
598	2756
598	2757
598	2758
599	2760
599	2761
599	2762
599	2763
599	2764
601	2768
601	2769
602	2771
602	2772
602	2773
602	2774
602	2775
604	2783
604	2784
604	2785
604	2786
604	2787
605	2789
606	2791
606	2792
606	2793
607	2795
608	2797
608	2798
608	2799
608	2800
608	2801
611	2813
611	2814
611	2815
612	2817
612	2818
612	2819
612	2820
612	2821
613	2823
613	2824
613	2825
614	2827
614	2828
614	2829
616	2835
616	2836
616	2837
616	2838
616	2839
617	2841
617	2842
617	2843
617	2844
619	2850
619	2851
619	2852
619	2853
619	2854
619	2855
619	2856
619	2857
620	2859
621	2861
621	2862
622	2864
622	2865
624	2870
624	2871
624	2872
624	2873
625	2875
627	2887
627	2888
627	2889
629	2891
629	2892
629	2893
629	2894
631	2900
631	2901
631	2902
631	2903
631	2904
634	2915
635	2917
635	2918
635	2919
635	2920
635	2921
635	2922
636	2924
636	2925
636	2926
636	2927
637	2929
637	2930
637	2931
637	2932
637	2933
641	2954
641	2955
641	2956
641	2957
641	2958
642	2960
642	2961
643	2963
643	2964
644	2966
644	2967
644	2968
644	2969
645	2971
645	2972
645	2973
645	2974
645	2975
650	2994
650	2995
650	2996
650	2997
653	3010
653	3011
653	3012
653	3013
654	3015
654	3016
655	3018
655	3019
655	3020
655	3021
655	3022
656	3024
656	3025
658	3032
658	3033
658	3034
658	3035
658	3036
658	3037
658	3038
658	3039
660	3047
660	3048
660	3049
660	3050
660	3051
660	3052
661	3054
661	3055
661	3056
661	3057
666	3083
666	3084
666	3085
666	3086
666	3087
667	3089
667	3090
667	3091
667	3092
668	3094
668	3095
668	3096
671	3104
671	3105
671	3106
673	3112
673	3113
673	3114
673	3115
673	3116
673	3117
673	3118
673	3119
674	3121
674	3122
675	3124
675	3125
675	3126
675	3127
675	3128
675	3129
675	3130
675	3131
678	3142
678	3143
679	3145
679	3146
679	3147
679	3148
681	3155
681	3156
684	3166
684	3167
684	3168
684	3169
686	3176
686	3177
686	3178
686	3179
686	3180
686	3181
688	3185
688	3186
688	3187
688	3188
689	3190
689	3191
689	3192
689	3193
689	3194
689	3195
692	3210
693	3212
693	3213
693	3214
693	3215
693	3216
694	3218
694	3219
694	3220
694	3221
694	3222
694	3223
696	3231
696	3232
696	3233
696	3234
696	3235
698	3242
698	3243
698	3244
698	3245
698	3246
700	3252
700	3253
700	3254
701	3256
701	3257
701	3258
702	3260
702	3261
703	3263
703	3264
703	3265
703	3266
703	3267
703	3268
704	3270
704	3271
704	3272
706	3280
706	3281
706	3282
706	3283
710	3295
710	3296
710	3297
712	3299
712	3300
712	3301
713	3303
713	3304
713	3305
713	3306
716	3322
716	3323
716	3324
716	3325
717	3327
717	3328
717	3329
717	3330
717	3331
719	3338
720	3340
720	3341
720	3342
720	3343
720	3344
721	3346
721	3347
721	3348
721	3349
722	3351
722	3352
722	3353
722	3354
722	3355
723	3357
723	3358
726	3373
726	3374
726	3375
726	3376
726	3377
726	3378
730	3396
730	3397
730	3398
730	3399
730	3400
730	3401
732	3403
732	3404
732	3405
732	3406
734	3415
734	3416
734	3417
734	3418
734	3419
739	3435
739	3436
739	3437
739	3438
741	3446
741	3447
741	3448
741	3449
741	3450
742	3452
742	3453
742	3454
742	3455
742	3456
742	3457
745	3465
745	3466
745	3467
746	3469
746	3470
746	3471
746	3472
746	3473
747	3475
747	3476
747	3477
747	3478
747	3479
747	3480
748	3482
748	3483
754	3507
754	3508
754	3509
754	3510
754	3511
756	3518
756	3519
756	3520
758	3528
758	3529
758	3530
760	3538
760	3539
760	3540
760	3541
761	3543
761	3544
761	3545
763	3550
763	3551
763	3552
763	3553
763	3554
764	3556
764	3557
764	3558
769	3571
769	3572
769	3573
769	3574
770	3576
770	3577
770	3578
771	3580
771	3581
771	3582
772	3584
772	3585
772	3586
774	3592
774	3593
774	3594
774	3595
774	3596
774	3597
774	3598
774	3599
776	3605
776	3606
776	3607
776	3608
776	3609
777	3611
777	3612
777	3613
777	3614
777	3615
779	3621
779	3622
779	3623
779	3624
781	3626
781	3627
781	3628
783	3633
783	3634
783	3635
784	3637
784	3638
784	3639
785	3641
785	3642
785	3643
785	3644
788	3656
788	3657
790	3662
790	3663
790	3664
790	3665
790	3666
790	3667
794	3676
794	3677
794	3678
794	3679
794	3680
794	3681
795	3683
795	3684
795	3685
795	3686
795	3687
798	3698
798	3699
798	3700
802	3718
802	3719
802	3720
803	3722
803	3723
803	3724
803	3725
803	3726
807	3737
807	3738
807	3739
807	3740
807	3741
809	3748
809	3749
809	3750
809	3751
809	3752
809	3753
811	3759
811	3760
812	3762
812	3763
812	3764
812	3765
813	3767
814	3769
814	3770
817	3778
817	3779
817	3780
818	3782
819	3784
819	3785
819	3786
819	3787
820	3789
820	3790
820	3791
821	3793
821	3794
822	3796
822	3797
822	3798
824	3802
826	3808
826	3809
826	3810
826	3811
826	3812
826	3813
830	3824
830	3825
832	3833
832	3834
832	3835
833	3837
834	3839
834	3840
834	3841
835	3843
835	3844
835	3845
835	3846
837	3855
837	3856
837	3857
838	3859
838	3860
838	3861
839	3863
839	3864
839	3865
839	3866
839	3867
839	3868
840	3870
840	3871
840	3872
840	3873
840	3874
841	3876
841	3877
841	3878
842	3880
842	3881
842	3882
842	3883
843	3885
844	3887
844	3888
844	3889
844	3890
844	3891
844	3892
849	3909
849	3910
849	3911
850	3913
850	3914
850	3915
850	3916
850	3917
851	3919
851	3920
851	3921
852	3923
852	3924
852	3925
852	3926
852	3927
854	3932
854	3933
854	3934
854	3935
854	3936
854	3937
854	3938
854	3939
857	3948
857	3949
862	3971
862	3972
862	3973
862	3974
862	3975
864	3980
864	3981
864	3982
867	3992
869	3998
869	3999
871	4003
873	4005
873	4006
873	4007
873	4008
873	4009
873	4010
873	4011
873	4012
873	4013
874	4015
874	4016
874	4017
874	4018
875	4020
875	4021
875	4022
876	4024
877	4026
877	4027
877	4028
877	4029
878	4031
878	4032
878	4033
878	4034
878	4035
879	4037
879	4038
879	4039
879	4040
879	4041
879	4042
881	4050
881	4051
881	4052
883	4061
883	4062
889	4086
889	4087
890	4089
890	4090
890	4091
890	4092
890	4093
890	4094
891	4096
891	4097
891	4098
891	4099
891	4100
892	4102
892	4103
892	4104
892	4105
892	4106
892	4107
893	4109
893	4110
893	4111
893	4112
893	4113
893	4114
895	4120
895	4121
895	4122
896	4124
899	4130
899	4131
899	4132
899	4133
900	4135
900	4136
901	4138
901	4139
901	4140
901	4141
901	4142
901	4143
901	4144
901	4145
902	4147
902	4148
902	4149
902	4150
904	4157
904	4158
904	4159
906	4169
906	4170
906	4171
906	4172
908	4178
908	4179
908	4180
908	4181
908	4182
908	4183
909	4185
909	4186
909	4187
914	4211
914	4212
914	4213
914	4214
916	4222
918	4232
918	4233
918	4234
920	4241
920	4242
920	4243
920	4244
920	4245
921	4247
921	4248
921	4249
922	4251
922	4252
922	4253
923	4255
923	4256
923	4257
924	4259
924	4260
925	4262
925	4263
925	4264
925	4265
925	4266
926	4268
926	4269
926	4270
927	4272
927	4273
927	4274
929	4276
929	4277
929	4278
934	4289
934	4290
934	4291
935	4293
937	4301
937	4302
937	4303
937	4304
937	4305
937	4306
937	4307
939	4312
939	4313
939	4314
940	4316
940	4317
940	4318
942	4328
942	4329
942	4330
942	4331
942	4332
943	4334
943	4335
943	4336
943	4337
944	4339
944	4340
944	4341
944	4342
945	4344
945	4345
945	4346
947	4353
947	4354
947	4355
947	4356
948	4358
949	4360
949	4361
949	4362
949	4363
949	4364
950	4366
950	4367
950	4368
952	4373
952	4374
953	4376
954	4378
954	4379
954	4380
958	4392
958	4393
958	4394
960	4398
960	4399
960	4400
960	4401
960	4402
960	4403
962	4413
962	4414
962	4415
962	4416
962	4417
962	4418
963	4420
963	4421
963	4422
964	4424
964	4425
964	4426
966	4436
966	4437
966	4438
967	4440
967	4441
967	4442
967	4443
967	4444
968	4446
968	4447
968	4448
968	4449
969	4451
969	4452
974	4474
974	4475
974	4476
974	4477
974	4478
976	4482
976	4483
976	4484
976	4485
976	4486
977	4488
977	4489
977	4490
977	4491
977	4492
978	4494
979	4496
979	4497
981	4501
981	4502
981	4503
981	4504
981	4505
982	4507
982	4508
982	4509
984	4515
984	4516
984	4517
984	4518
984	4519
984	4520
985	4522
986	4524
986	4525
986	4526
986	4527
989	4543
989	4544
989	4545
995	4568
995	4569
995	4570
995	4571
998	4583
998	4584
998	4585
999	4587
1000	4589
1000	4590
1000	4591
1000	4592
1000	4593
1000	4594
1001	4596
1001	4597
1001	4598
1003	4600
1003	4601
1003	4602
1006	4614
1006	4615
1006	4616
1006	4617
1007	4619
1007	4620
1007	4621
1007	4622
1008	4624
1008	4625
1008	4626
1008	4627
1008	4628
1008	4629
1008	4630
1011	4640
1011	4641
1011	4642
1012	4644
1012	4645
1012	4646
1012	4647
1014	4655
1014	4656
1014	4657
1014	4658
1014	4659
1014	4660
1017	4666
1017	4667
1017	4668
1017	4669
1018	4671
1018	4672
1018	4673
1018	4674
1018	4675
1018	4676
1020	4684
1020	4685
1020	4686
1020	4687
1020	4688
1020	4689
1020	4690
1020	4691
1020	4692
1021	4694
1022	4696
1022	4697
1022	4698
1022	4699
1022	4700
1024	4705
1025	4707
1025	4708
1025	4709
1025	4710
1025	4711
1027	4716
1027	4717
1027	4718
1027	4719
1027	4720
1027	4721
1027	4722
1027	4723
1030	4728
1030	4729
1030	4730
1030	4731
1033	4745
1033	4746
1033	4747
1033	4748
1033	4749
1033	4750
1034	4752
1034	4753
1034	4754
1034	4755
1037	4764
1037	4765
1037	4766
1037	4767
1038	4769
1038	4770
1038	4771
1038	4772
1039	4774
1039	4775
1040	4777
1040	4778
1041	4780
1041	4781
1041	4782
1041	4783
1041	4784
1041	4785
1041	4786
1041	4787
1043	4795
1043	4796
1043	4797
1043	4798
1043	4799
1044	4801
1044	4802
1044	4803
1044	4804
1044	4805
1045	4807
1045	4808
1045	4809
1045	4810
1046	4812
1046	4813
1046	4814
1047	4816
1047	4817
1049	4823
1049	4824
1049	4825
1049	4826
1050	4828
1050	4829
1050	4830
1050	4831
1050	4832
1051	4834
1051	4835
1051	4836
1051	4837
1051	4838
1051	4839
1051	4840
1051	4841
1054	4850
1057	4859
1057	4860
1057	4861
1058	4863
1058	4864
1062	4878
1062	4879
1062	4880
1063	4882
1063	4883
1063	4884
1064	4886
1064	4887
1064	4888
1065	4890
1065	4891
1065	4892
1067	4900
1067	4901
1067	4902
1067	4903
1067	4904
1069	4913
1069	4914
1069	4915
1069	4916
1072	4925
1072	4926
1073	4928
1073	4929
1073	4930
1073	4931
1074	4933
1074	4934
1074	4935
1074	4936
1076	4941
1076	4942
1076	4943
1076	4944
1076	4945
1077	4947
1077	4948
1077	4949
1077	4950
1077	4951
1081	4964
1081	4965
1081	4966
1082	4968
1082	4969
1082	4970
1082	4971
1083	4973
1083	4974
1083	4975
1083	4976
1084	4978
1084	4979
1084	4980
1084	4981
1087	4992
1087	4993
1087	4994
1087	4995
1087	4996
1087	4997
1088	4999
1088	5000
1088	5001
1090	5006
1090	5007
1090	5008
1093	5013
1093	5014
1093	5015
1093	5016
1094	5018
1094	5019
1094	5020
1095	5022
1095	5023
1095	5024
1096	5026
1096	5027
1096	5028
1096	5029
1096	5030
1097	5032
1097	5033
1097	5034
1097	5035
1098	5037
1098	5038
1098	5039
1099	5041
1099	5042
1099	5043
1099	5044
1099	5045
1099	5046
1099	5047
1099	5048
1099	5049
1102	5055
1102	5056
1102	5057
1102	5058
1106	5070
1106	5071
1106	5072
1106	5073
1109	5082
1109	5083
1110	5085
1110	5086
1110	5087
1112	5093
1112	5094
1113	5096
1113	5097
1114	5099
1114	5100
1114	5101
1114	5102
1115	5104
1115	5105
1115	5106
1116	5108
1116	5109
1116	5110
1117	5112
1117	5113
1117	5114
1117	5115
1117	5116
1120	5127
1120	5128
1120	5129
1122	5134
1125	5141
1125	5142
1125	5143
1125	5144
1126	5146
1126	5147
1126	5148
1126	5149
1127	5151
1127	5152
1127	5153
1129	5158
1129	5159
1129	5160
1129	5161
1129	5162
1130	5164
1130	5165
1130	5166
1131	5168
1131	5169
1132	5171
1132	5172
1133	5174
1133	5175
1133	5176
1133	5177
1133	5178
1135	5186
1135	5187
1135	5188
1136	5190
1138	5195
1138	5196
1138	5197
1138	5198
1138	5199
1139	5201
1139	5202
1139	5203
1139	5204
1139	5205
1139	5206
1139	5207
1140	5209
1140	5210
1140	5211
1140	5212
1140	5213
1140	5214
1141	5216
1141	5217
1142	5219
1142	5220
1144	5228
1144	5229
1145	5231
1145	5232
1145	5233
1146	5235
1146	5236
1146	5237
1146	5238
1146	5239
1146	5240
1147	5242
1148	5244
1148	5245
1150	5254
1150	5255
1151	5257
1151	5258
1152	5260
1152	5261
1155	5270
1155	5271
1155	5272
1155	5273
1156	5275
1159	5281
1159	5282
1159	5283
1159	5284
1159	5285
1160	5287
1160	5288
1166	5310
1166	5311
1166	5312
1166	5313
1166	5314
1167	5316
1168	5318
1168	5319
1168	5320
1168	5321
1170	5327
1170	5328
1170	5329
1171	5331
1171	5332
1171	5333
1176	5354
1177	5356
1178	5358
1178	5359
1179	5361
1179	5362
1182	5368
1182	5369
1183	5371
1183	5372
1183	5373
1187	5393
1188	5395
1188	5396
1188	5397
1188	5398
1188	5399
1188	5400
1191	5413
1191	5414
1194	5424
1194	5425
1194	5426
1196	5435
1196	5436
1196	5437
1196	5438
1196	5439
1196	5440
1203	5463
1203	5464
1205	5468
1205	5469
1205	5470
1205	5471
1205	5472
1205	5473
1205	5474
1205	5475
1205	5476
1207	5480
1207	5481
1209	5486
1209	5487
1209	5488
1209	5489
1209	5490
1210	5492
1210	5493
1211	5495
1211	5496
1211	5497
1216	5514
1216	5515
1216	5516
1216	5517
1216	5518
1217	5520
1217	5521
1217	5522
1217	5523
1217	5524
1217	5525
1219	5532
1219	5533
1220	5535
1221	5537
1221	5538
1222	5540
1223	5542
1223	5543
1223	5544
1224	5546
1224	5547
1224	5548
1225	5550
1225	5551
1225	5552
1225	5553
1225	5554
1225	5555
1227	5559
1227	5560
1227	5561
1227	5562
1227	5563
1227	5564
1227	5565
1227	5566
1232	5584
1232	5585
1232	5586
1232	5587
1233	5589
1233	5590
1233	5591
1233	5592
1233	5593
1234	5595
1234	5596
1234	5597
1234	5598
1235	5600
1235	5601
1235	5602
1235	5603
1236	5605
1236	5606
1236	5607
1236	5608
1237	5610
1237	5611
1237	5612
1237	5613
1239	5618
1240	5620
1240	5621
1240	5622
1240	5623
1240	5624
1240	5625
1240	5626
1242	5631
1242	5632
1242	5633
1242	5634
1243	5636
1245	5646
1245	5647
1245	5648
1245	5649
1246	5651
1246	5652
1246	5653
1247	5655
1247	5656
1251	5672
1253	5680
1253	5681
1253	5682
1253	5683
1254	5685
1254	5686
1254	5687
1255	5689
1255	5690
1255	5691
1255	5692
1257	5698
1257	5699
1257	5700
1257	5701
1257	5702
1258	5704
1260	5708
1263	5716
1263	5717
1263	5718
1263	5719
1263	5720
1267	5734
1267	5735
1267	5736
1267	5737
1268	5739
1268	5740
1268	5741
1269	5743
1269	5744
1269	5745
1269	5746
1272	5753
1272	5754
1273	5756
1273	5757
1275	5766
1275	5767
1275	5768
1276	5770
1276	5771
1276	5772
1277	5774
1277	5775
1277	5776
1277	5777
1277	5778
1278	5780
1278	5781
1278	5782
1278	5783
1278	5784
1279	5786
1279	5787
1279	5788
1280	5790
1280	5791
1280	5792
1281	5794
1282	5796
1282	5797
1282	5798
1282	5799
1282	5800
1282	5801
1282	5802
1282	5803
1283	5805
1284	5807
1284	5808
1284	5809
1287	5818
1287	5819
1287	5820
1287	5821
1287	5822
1287	5823
1289	5828
1289	5829
1289	5830
1290	5832
1290	5833
1290	5834
1290	5835
1292	5840
1292	5841
1293	5843
1295	5849
1295	5850
1295	5851
1295	5852
1297	5858
1297	5859
1299	5868
1299	5869
1301	5877
1301	5878
1301	5879
1301	5880
1303	5885
1303	5886
1303	5887
1303	5888
1303	5889
1306	5900
1306	5901
1306	5902
1307	5904
1307	5905
1307	5906
1307	5907
1307	5908
1307	5909
1307	5910
1307	5911
1307	5912
1308	5914
1308	5915
1308	5916
1308	5917
1308	5918
1309	5920
1309	5921
1309	5922
1309	5923
1309	5924
1311	5930
1311	5931
1312	5933
1312	5934
1313	5936
1314	5938
1314	5939
1314	5940
1314	5941
1316	5945
1316	5946
1316	5947
1316	5948
1318	5950
1318	5951
1318	5952
1320	5954
1320	5955
1320	5956
1321	5958
1321	5959
1322	5961
1322	5962
1323	5964
1323	5965
1323	5966
1323	5967
1323	5968
1324	5970
1324	5971
1324	5972
1324	5973
1324	5974
1324	5975
1328	5993
1328	5994
1328	5995
1328	5996
1328	5997
1331	6008
1333	6017
1333	6018
1333	6019
1333	6020
1334	6022
1334	6023
1334	6024
1334	6025
1334	6026
1335	6028
1335	6029
1336	6031
1336	6032
1336	6033
1336	6034
1338	6039
1338	6040
1338	6041
1338	6042
1338	6043
1338	6044
1339	6046
1339	6047
1340	6049
1340	6050
1340	6051
1340	6052
1340	6053
1342	6057
1342	6058
1342	6059
1342	6060
1342	6061
1342	6062
1343	6064
1343	6065
1345	6069
1345	6070
1348	6077
1348	6078
1348	6079
1348	6080
1348	6081
1349	6083
1349	6084
1349	6085
1352	6093
1352	6094
1352	6095
1352	6096
1352	6097
1357	6114
1359	6122
1359	6123
1359	6124
1359	6125
1360	6127
1363	6139
1365	6144
1365	6145
1365	6146
1365	6147
1366	6149
1366	6150
1367	6152
1367	6153
1367	6154
1367	6155
1370	6167
1370	6168
1370	6169
1370	6170
1370	6171
1371	6173
1371	6174
1372	6176
1372	6177
1372	6178
1372	6179
1372	6180
1372	6181
1373	6183
1375	6191
1375	6192
1375	6193
1375	6194
1375	6195
1375	6196
1376	6198
1376	6199
1376	6200
1376	6201
1378	6208
1378	6209
1378	6210
1378	6211
1378	6212
1378	6213
1378	6214
1380	6220
1380	6221
1380	6222
1380	6223
1384	6237
1384	6238
1384	6239
1384	6240
1386	6245
1386	6246
1386	6247
1386	6248
1387	6250
1387	6251
1387	6252
1388	6254
1389	6256
1389	6257
1389	6258
1390	6260
1390	6261
1390	6262
1390	6263
1390	6264
1390	6265
1393	6275
1393	6276
1393	6277
1393	6278
1393	6279
1394	6281
1395	6283
1399	6297
1399	6298
1399	6299
1399	6300
1400	6302
1400	6303
1400	6304
1400	6305
1400	6306
1400	6307
1401	6309
1401	6310
1401	6311
1402	6313
1402	6314
1402	6315
1405	6324
1405	6325
1406	6327
1406	6328
1406	6329
1406	6330
1406	6331
1407	6333
1407	6334
1407	6335
1407	6336
1409	6340
1409	6341
1409	6342
1409	6343
1410	6345
1410	6346
1410	6347
1411	6349
1411	6350
1411	6351
1411	6352
1412	6354
1412	6355
1412	6356
1412	6357
1412	6358
1414	6365
1414	6366
1416	6370
1416	6371
1418	6377
1418	6378
1418	6379
1418	6380
1418	6381
1420	6389
1420	6390
1423	6404
1423	6405
1424	6407
1424	6408
1424	6409
1425	6411
1425	6412
1425	6413
1425	6414
1425	6415
1425	6416
1426	6418
1426	6419
1426	6420
1426	6421
1426	6422
1427	6424
1427	6425
1427	6426
1428	6428
1428	6429
1428	6430
1428	6431
1430	6437
1430	6438
1430	6439
1431	6441
1431	6442
1431	6443
1431	6444
1431	6445
1431	6446
1433	6448
1436	6460
1436	6461
1440	6477
1440	6478
1440	6479
1440	6480
1442	6488
1442	6489
1443	6491
1443	6492
1443	6493
1444	6495
1444	6496
1446	6503
1446	6504
1446	6505
1446	6506
1446	6507
1446	6508
1448	6513
1448	6514
1448	6515
1449	6517
1449	6518
1449	6519
1449	6520
1449	6521
1449	6522
1449	6523
1450	6525
1450	6526
1450	6527
1450	6528
1450	6529
1453	6539
1453	6540
1453	6541
1454	6543
1454	6544
1455	6546
1455	6547
1455	6548
1455	6549
1456	6551
1456	6552
1456	6553
1456	6554
1457	6556
1457	6557
1457	6558
1457	6559
1457	6560
1457	6561
1457	6562
1459	6564
1459	6565
1459	6566
1459	6567
1462	6580
1462	6581
1462	6582
1464	6584
1465	6586
1465	6587
1465	6588
1465	6589
1465	6590
1465	6591
1466	6593
1466	6594
1466	6595
1466	6596
1467	6598
1467	6599
1467	6600
1467	6601
1470	6609
1470	6610
1470	6611
1470	6612
1471	6614
1471	6615
1471	6616
1471	6617
1471	6618
1471	6619
1471	6620
1471	6621
1472	6623
1472	6624
1472	6625
1472	6626
1473	6628
1473	6629
1473	6630
1473	6631
1473	6632
1474	6634
1474	6635
1474	6636
1474	6637
1474	6638
1475	6640
1475	6641
1475	6642
1476	6644
1476	6645
1476	6646
1476	6647
1476	6648
1477	6650
1477	6651
1477	6652
1477	6653
1477	6654
1477	6655
1478	6657
1478	6658
1478	6659
1479	6661
1479	6662
1479	6663
1480	6665
1480	6666
1482	6672
1482	6673
1484	6682
1484	6683
1484	6684
1484	6685
1487	6687
1487	6688
1487	6689
1487	6690
1487	6691
1490	6703
1490	6704
1492	6706
1492	6707
1492	6708
1492	6709
1492	6710
1493	6712
1493	6713
1493	6714
1493	6715
1493	6716
1497	6727
1497	6728
1497	6729
1498	6731
1500	6736
1500	6737
1502	6741
1502	6742
1502	6743
1502	6744
1502	6745
1502	6746
1503	6748
1503	6749
1504	6751
1504	6752
1504	6753
1504	6754
1504	6755
1504	6756
1504	6757
1504	6758
1504	6759
1506	6765
1506	6766
1506	6767
1507	6769
1507	6770
1507	6771
1507	6772
1507	6773
1508	6775
1509	6777
1510	6779
1511	6781
1511	6782
1511	6783
1511	6784
1511	6785
1511	6786
1512	6788
1512	6789
1512	6790
1512	6791
1513	6793
1513	6794
1515	6798
1515	6799
1515	6800
1515	6801
1517	6805
1517	6806
1517	6807
1518	6809
1518	6810
1520	6812
1522	6819
1524	6826
1525	6828
1525	6829
1529	6838
1529	6839
1529	6840
1531	6846
1531	6847
1531	6848
1531	6849
1531	6850
1532	6852
1532	6853
1532	6854
1532	6855
1533	6857
1533	6858
1533	6859
1534	6861
1534	6862
1537	6869
1537	6870
1537	6871
1540	6880
1540	6881
1540	6882
1540	6883
1540	6884
1543	6894
1543	6895
1544	6897
1544	6898
1545	6900
1545	6901
1545	6902
1545	6903
1548	6909
1548	6910
1548	6911
1548	6912
1549	6914
1549	6915
1552	6932
1552	6933
1552	6934
1552	6935
1552	6936
1552	6937
1557	6946
1557	6947
1558	6949
1558	6950
1559	6952
1561	6958
1561	6959
1561	6960
1561	6961
1562	6963
1562	6964
1562	6965
1562	6966
1562	6967
1562	6968
1563	6970
1565	6977
1565	6978
1565	6979
1565	6980
1565	6981
1566	6983
1566	6984
1566	6985
1567	6987
1567	6988
1567	6989
1569	6996
1569	6997
1569	6998
1569	6999
1570	7001
1570	7002
1570	7003
1570	7004
1571	7006
1571	7007
1572	7009
1572	7010
1572	7011
1572	7012
1572	7013
1573	7015
1573	7016
1573	7017
1573	7018
1573	7019
1573	7020
1574	7022
1574	7023
1574	7024
1577	7034
1577	7035
1578	7037
1578	7038
1578	7039
1578	7040
1578	7041
1585	7065
1585	7066
1585	7067
1585	7068
1585	7069
1591	7086
1593	7093
1593	7094
1594	7096
1594	7097
1594	7098
1596	7104
1597	7106
1597	7107
1597	7108
1598	7110
1599	7112
1599	7113
1599	7114
1600	7116
1600	7117
1600	7118
1604	7136
1604	7137
1605	7139
1606	7141
1606	7142
1607	7144
1608	7146
1608	7147
1608	7148
1608	7149
1611	7161
1611	7162
1612	7164
1612	7165
1612	7166
1612	7167
1613	7169
1614	7171
1614	7172
1614	7173
1615	7175
1615	7176
1615	7177
1615	7178
1615	7179
1615	7180
1615	7181
1615	7182
1615	7183
1617	7190
1618	7192
1618	7193
1619	7195
1619	7196
1620	7198
1620	7199
1620	7200
1620	7201
1620	7202
1620	7203
1620	7204
1621	7206
1621	7207
1624	7216
1624	7217
1624	7218
1624	7219
1624	7220
1625	7222
1625	7223
1625	7224
1626	7226
1626	7227
1626	7228
1627	7230
1627	7231
1627	7232
1627	7233
1627	7234
1627	7235
1628	7237
1628	7238
1629	7240
1629	7241
1631	7246
1631	7247
1631	7248
1631	7249
1631	7250
1634	7261
1634	7262
1637	7272
1637	7273
1637	7274
1637	7275
1637	7276
1638	7278
1639	7280
1639	7281
1640	7283
1642	7292
1642	7293
1644	7298
1644	7299
1645	7301
1645	7302
1646	7304
1646	7305
1648	7311
1648	7312
1648	7313
1649	7315
1649	7316
1650	7318
1652	7324
1653	7326
1653	7327
1653	7328
1654	7330
1654	7331
1654	7332
1654	7333
1654	7334
1654	7335
1655	7337
1655	7338
1656	7340
1656	7341
1658	7348
1658	7349
1658	7350
1658	7351
1658	7352
1660	7357
1660	7358
1662	7363
1662	7364
1662	7365
1663	7367
1663	7368
1664	7370
1664	7371
1668	7387
1668	7388
1670	7390
1670	7391
1671	7393
1671	7394
1671	7395
1671	7396
1672	7398
1672	7399
1672	7400
1672	7401
1673	7403
1673	7404
1674	7406
1674	7407
1674	7408
1674	7409
1674	7410
1674	7411
1675	7413
1675	7414
1675	7415
1676	7417
1676	7418
1676	7419
1676	7420
1676	7421
1677	7423
1678	7425
1678	7426
1678	7427
1678	7428
1678	7429
1679	7431
1681	7439
1681	7440
1683	7447
1683	7448
1683	7449
1683	7450
1683	7451
1683	7452
1685	7454
1685	7455
1687	7463
1687	7464
1687	7465
1687	7466
1688	7468
1688	7469
1688	7470
1688	7471
1690	7476
1691	7478
1691	7479
1691	7480
1691	7481
1694	7483
1694	7484
1694	7485
1694	7486
1699	7504
1699	7505
1699	7506
1704	7520
1704	7521
1704	7522
1707	7534
1707	7535
1707	7536
1708	7538
1709	7540
1709	7541
1711	7546
1711	7547
1711	7548
1714	7555
1714	7556
1714	7557
1717	7571
1717	7572
1717	7573
1718	7575
1719	7577
1719	7578
1719	7579
1719	7580
1720	7582
1720	7583
1720	7584
1720	7585
1720	7586
1720	7587
1720	7588
1720	7589
1720	7590
1722	7597
1722	7598
1722	7599
1723	7601
1723	7602
1724	7604
1724	7605
1724	7606
1724	7607
1724	7608
1724	7609
1724	7610
1726	7617
1726	7618
1726	7619
1727	7621
1727	7622
1729	7627
1729	7628
1729	7629
1729	7630
1732	7638
1732	7639
1732	7640
1733	7642
1733	7643
1733	7644
1734	7646
1734	7647
1734	7648
1734	7649
1734	7650
1734	7651
1734	7652
1734	7653
1737	7661
1737	7662
1737	7663
1737	7664
1737	7665
1738	7667
1738	7668
1738	7669
1738	7670
1738	7671
1738	7672
1738	7673
1738	7674
1739	7676
1739	7677
1739	7678
1739	7679
1742	7685
1743	7687
1743	7688
1743	7689
1743	7690
1745	7698
1745	7699
1745	7700
1745	7701
1749	7717
1749	7718
1752	7726
1752	7727
1752	7728
1752	7729
1758	7749
1759	7751
1759	7752
1759	7753
1760	7755
1761	7757
1761	7758
1761	7759
1764	7766
1764	7767
1764	7768
1767	7782
1767	7783
1767	7784
1767	7785
1767	7786
1772	7811
1773	7813
1773	7814
1773	7815
1776	7824
1780	7834
1780	7835
1780	7836
1780	7837
1780	7838
1781	7840
1781	7841
1781	7842
1782	7844
1782	7845
1782	7846
1782	7847
1782	7848
1782	7849
1782	7850
1782	7851
1782	7852
1783	7854
1783	7855
1783	7856
1783	7857
1784	7859
1785	7861
1785	7862
1785	7863
1787	7868
1787	7869
1787	7870
1787	7871
1788	7873
1788	7874
1788	7875
1789	7877
1792	7881
1792	7882
1792	7883
1793	7885
1793	7886
1793	7887
1795	7894
1795	7895
1795	7896
1795	7897
1797	7902
1797	7903
1797	7904
1797	7905
1797	7906
1797	7907
1798	7909
1798	7910
1798	7911
1798	7912
1798	7913
1799	7915
1799	7916
1799	7917
1799	7918
1800	7920
1800	7921
1800	7922
1800	7923
1801	7925
1801	7926
1802	7928
1802	7929
1803	7931
1803	7932
1804	7934
1804	7935
1804	7936
1807	7948
1807	7949
1807	7950
1808	7952
1808	7953
1808	7954
1808	7955
1808	7956
1808	7957
1809	7959
1809	7960
1809	7961
1809	7962
1809	7963
1809	7964
1810	7966
1810	7967
1810	7968
1810	7969
1810	7970
1810	7971
1811	7973
1811	7974
1811	7975
1811	7976
1811	7977
1811	7978
1812	7980
1813	7982
1813	7983
1814	7985
1814	7986
1815	7988
1816	7990
1816	7991
1818	7993
1819	7995
1819	7996
1819	7997
1819	7998
1819	7999
1819	8000
1820	8002
1820	8003
1820	8004
1821	8006
1821	8007
1821	8008
1821	8009
1822	8011
1825	8020
1825	8021
1825	8022
1825	8023
1825	8024
1825	8025
1825	8026
1827	8030
1827	8031
1827	8032
1827	8033
1827	8034
1827	8035
1827	8036
1827	8037
1829	8042
1829	8043
1829	8044
1829	8045
1829	8046
1829	8047
1829	8048
1833	8065
1833	8066
1833	8067
1833	8068
1833	8069
1836	8081
1836	8082
1836	8083
1836	8084
1837	8086
1837	8087
1837	8088
1837	8089
1838	8091
1838	8092
1838	8093
1838	8094
1838	8095
1839	8097
1839	8098
1839	8099
1840	8101
1840	8102
1842	8110
1842	8111
1843	8113
1843	8114
1844	8116
1844	8117
1844	8118
1848	8135
1849	8137
1849	8138
1849	8139
1849	8140
1849	8141
1849	8142
1850	8144
1850	8145
1850	8146
1851	8148
1851	8149
1852	8151
1852	8152
1852	8153
1852	8154
1852	8155
1853	8157
1853	8158
1853	8159
1853	8160
1853	8161
1856	8172
1857	8174
1859	8180
1861	8188
1861	8189
1861	8190
1861	8191
1861	8192
1863	8194
1863	8195
1863	8196
1863	8197
1866	8201
1866	8202
1866	8203
1866	8204
1868	8210
1868	8211
1870	8216
1870	8217
1870	8218
1870	8219
1872	8226
1872	8227
1872	8228
1872	8229
1872	8230
1873	8232
1873	8233
1873	8234
1875	8238
1875	8239
1875	8240
1875	8241
1876	8243
1876	8244
1876	8245
1878	8253
1880	8263
1880	8264
1880	8265
1880	8266
1880	8267
1883	8272
1884	8274
1884	8275
1884	8276
1885	8278
1885	8279
1885	8280
1885	8281
1887	8287
1887	8288
1887	8289
1888	8291
1888	8292
1889	8294
1889	8295
1889	8296
1890	8298
1890	8299
1890	8300
1890	8301
1890	8302
1891	8304
1891	8305
1891	8306
1891	8307
1891	8308
1891	8309
1894	8320
1894	8321
1894	8322
1894	8323
1894	8324
1894	8325
1894	8326
1894	8327
1896	8336
1896	8337
1898	8343
1898	8344
1898	8345
1901	8360
1901	8361
1901	8362
1902	8364
1905	8374
1906	8376
1907	8378
1908	8380
1909	8382
1909	8383
1909	8384
1909	8385
1909	8386
1911	8390
1911	8391
1913	8399
1913	8400
1913	8401
1913	8402
1913	8403
1913	8404
1916	8413
1916	8414
1916	8415
1916	8416
1916	8417
1917	8419
1917	8420
1917	8421
1919	8426
1919	8427
1922	8433
1922	8434
1922	8435
1922	8436
1922	8437
1924	8442
1924	8443
1925	8445
1925	8446
1925	8447
1927	8452
1927	8453
1927	8454
1927	8455
1927	8456
1928	8458
1938	8500
1938	8501
1938	8502
1939	8504
1939	8505
1939	8506
1939	8507
1939	8508
1940	8510
1940	8511
1941	8513
1941	8514
1941	8515
1941	8516
1943	8525
1943	8526
1943	8527
1943	8528
1943	8529
1943	8530
1945	8534
1945	8535
1945	8536
1945	8537
1946	8539
1946	8540
1946	8541
1946	8542
1947	8544
1949	8546
1951	8550
1951	8551
1952	8553
1952	8554
1952	8555
1953	8557
1953	8558
1954	8560
1956	8566
1956	8567
1956	8568
1957	8570
1957	8571
1957	8572
1957	8573
1958	8575
1960	8580
1960	8581
1960	8582
1960	8583
1962	8591
1962	8592
1962	8593
1962	8594
1962	8595
1963	8597
1963	8598
1963	8599
1963	8600
1963	8601
1965	8606
1965	8607
1965	8608
1965	8609
1965	8610
1965	8611
1965	8612
1965	8613
1966	8615
1966	8616
1969	8628
1969	8629
1969	8630
1969	8631
1971	8637
1975	8646
1975	8647
1975	8648
1977	8653
1977	8654
1977	8655
1977	8656
1977	8657
1978	8659
1978	8660
1978	8661
1979	8663
1979	8664
1983	8681
1983	8682
1983	8683
1983	8684
1983	8685
1983	8686
1985	8691
1985	8692
1986	8694
1986	8695
1986	8696
1986	8697
1986	8698
1988	8702
1988	8703
1988	8704
1990	8710
1990	8711
1990	8712
1990	8713
1991	8715
1991	8716
1991	8717
1991	8718
1992	8720
1993	8722
1994	8724
1996	8729
1996	8730
1996	8731
1996	8732
1997	8734
1999	8738
1999	8739
1999	8740
2002	8748
2002	8749
2002	8750
2002	8751
2002	8752
2002	8753
2003	8755
2003	8756
2005	8763
2005	8764
2005	8765
2005	8766
2006	8768
2006	8769
2007	8771
2007	8772
2007	8773
2007	8774
2007	8775
2008	8777
2008	8778
2008	8779
2008	8780
2008	8781
2010	8786
2014	8798
2014	8799
2019	8808
2019	8809
2019	8810
2019	8811
2020	8813
2020	8814
2020	8815
2020	8816
2020	8817
2020	8818
2020	8819
2021	8821
2023	8826
2023	8827
2023	8828
2023	8829
2023	8830
2023	8831
2024	8833
2024	8834
2024	8835
2029	8848
2029	8849
2029	8850
2029	8851
2029	8852
2029	8853
2031	8860
2031	8861
2031	8862
2031	8863
2032	8865
2032	8866
2032	8867
2033	8869
2033	8870
2034	8872
2034	8873
2034	8874
2035	8876
2036	8878
2036	8879
2036	8880
2037	8882
2037	8883
2037	8884
2038	8886
2038	8887
2038	8888
2038	8889
2040	8895
2041	8897
2041	8898
2041	8899
2045	8909
2045	8910
2045	8911
2045	8912
2045	8913
2046	8915
2046	8916
2047	8918
2047	8919
2047	8920
2047	8921
2047	8922
2048	8924
2048	8925
2048	8926
2048	8927
2048	8928
2049	8930
2049	8931
2049	8932
2049	8933
2049	8934
2049	8935
2049	8936
2050	8938
2050	8939
2051	8941
2051	8942
2051	8943
2051	8944
2051	8945
2052	8947
2052	8948
2052	8949
2056	8962
2056	8963
2056	8964
2056	8965
2057	8967
2057	8968
2057	8969
2057	8970
2058	8972
2058	8973
2062	8982
2062	8983
2063	8985
2063	8986
2064	8988
2064	8989
2064	8990
2064	8991
2064	8992
2065	8994
2068	9006
2070	9011
2070	9012
2070	9013
2070	9014
2072	9020
2072	9021
2073	9023
2073	9024
2073	9025
2076	9035
2076	9036
2077	9038
2077	9039
2077	9040
2077	9041
2077	9042
2077	9043
2078	9045
2078	9046
2078	9047
2080	9053
2080	9054
2080	9055
2080	9056
2084	9073
2084	9074
2084	9075
2084	9076
2087	9087
2087	9088
2087	9089
2088	9091
2088	9092
2088	9093
2088	9094
2088	9095
2089	9097
2089	9098
2089	9099
2089	9100
2089	9101
2089	9102
2090	9104
2090	9105
2090	9106
2090	9107
2090	9108
2093	9118
2093	9119
2094	9121
2094	9122
2094	9123
2095	9125
2095	9126
2096	9128
2096	9129
2096	9130
2097	9132
2097	9133
2097	9134
2097	9135
2097	9136
2097	9137
2098	9139
2099	9141
2099	9142
2101	9144
2101	9145
2101	9146
2101	9147
2102	9149
2102	9150
2102	9151
2104	9158
2104	9159
2104	9160
2104	9161
2105	9163
2105	9164
2105	9165
2105	9166
2106	9168
2106	9169
2106	9170
2108	9177
2108	9178
2108	9179
2108	9180
2108	9181
2109	9183
2109	9184
2110	9186
2111	9188
2111	9189
2115	9199
2115	9200
2115	9201
2115	9202
2116	9204
2117	9206
2117	9207
2117	9208
2117	9209
2118	9211
2119	9213
2119	9214
2120	9216
2120	9217
2120	9218
2120	9219
2120	9220
2120	9221
2120	9222
2121	9224
2121	9225
2124	9236
2124	9237
2129	9255
2129	9256
2130	9258
2130	9259
2130	9260
2130	9261
2131	9263
2132	9265
2132	9266
2132	9267
2134	9269
2134	9270
2134	9271
2138	9282
2138	9283
2141	9289
2141	9290
2146	9300
2148	9307
2148	9308
2148	9309
2148	9310
2152	9326
2152	9327
2152	9328
2152	9329
2153	9331
2153	9332
2153	9333
2153	9334
2155	9341
2155	9342
2156	9344
2156	9345
2156	9346
2158	9354
2158	9355
2158	9356
2158	9357
2160	9362
2160	9363
2160	9364
2160	9365
2162	9371
2162	9372
2166	9391
2168	9393
2168	9394
2168	9395
2168	9396
2170	9404
2170	9405
2170	9406
2173	9414
2173	9415
2173	9416
2174	9418
2174	9419
2176	9425
2176	9426
2177	9428
2177	9429
2177	9430
2177	9431
2180	9444
2181	9446
2181	9447
2181	9448
2182	9450
2182	9451
2182	9452
2182	9453
2183	9455
2183	9456
2185	9463
2186	9465
2187	9467
2188	9469
2188	9470
2188	9471
2188	9472
2189	9474
2189	9475
2189	9476
2189	9477
2189	9478
2193	9488
2193	9489
2193	9490
2193	9491
2194	9493
2194	9494
2194	9495
2194	9496
2194	9497
2195	9499
2195	9500
2198	9513
2198	9514
2198	9515
2199	9517
2199	9518
2201	9523
2202	9525
2202	9526
2202	9527
2204	9529
2204	9530
2204	9531
2204	9532
2204	9533
2204	9534
2204	9535
2205	9537
2205	9538
2205	9539
2205	9540
2205	9541
2207	9543
2207	9544
2207	9545
2208	9547
2208	9548
2208	9549
2210	9556
2210	9557
2210	9558
2211	9560
2211	9561
2212	9563
2212	9564
2212	9565
2212	9566
2214	9573
2214	9574
2214	9575
2216	9586
2216	9587
2216	9588
2216	9589
2217	9591
2217	9592
2217	9593
2217	9594
2217	9595
2217	9596
2219	9602
2219	9603
2219	9604
2219	9605
2220	9607
2220	9608
2222	9613
2222	9614
2222	9615
2223	9617
2224	9619
2224	9620
2224	9621
2224	9622
2224	9623
2224	9624
2224	9625
2224	9626
2225	9628
2225	9629
2225	9630
2231	9655
2231	9656
2233	9663
2233	9664
2233	9665
2233	9666
2233	9667
2233	9668
2238	9686
2238	9687
2238	9688
2238	9689
2241	9700
2241	9701
2241	9702
2241	9703
2241	9704
2242	9706
2242	9707
2242	9708
2242	9709
2243	9711
2247	9731
2247	9732
2247	9733
2248	9735
2248	9736
2248	9737
2249	9739
2249	9740
2251	9747
2251	9748
2251	9749
2251	9750
2251	9751
2251	9752
2254	9758
2254	9759
2257	9767
2258	9769
2258	9770
2259	9772
2259	9773
2259	9774
2259	9775
2261	9785
2261	9786
2261	9787
2261	9788
2262	9790
2262	9791
2262	9792
2262	9793
2262	9794
2263	9796
2263	9797
2263	9798
2263	9799
2265	9807
2267	9809
2267	9810
2267	9811
2267	9812
2268	9814
2268	9815
2271	9819
2271	9820
2271	9821
2271	9822
2273	9828
2273	9829
2273	9830
2273	9831
2273	9832
2274	9834
2274	9835
2274	9836
2275	9838
2275	9839
2275	9840
2276	9842
2276	9843
2278	9848
2278	9849
2278	9850
2278	9851
2280	9857
2280	9858
2280	9859
2281	9861
2281	9862
2281	9863
2281	9864
2281	9865
2282	9867
2282	9868
2282	9869
2283	9871
2283	9872
2286	9882
2291	9903
2294	9910
2294	9911
2294	9912
2294	9913
2294	9914
2300	9940
2300	9941
2300	9942
2304	9954
2306	9958
2306	9959
2308	9964
2309	9966
2309	9967
2309	9968
2310	9970
2310	9971
2310	9972
2310	9973
2310	9974
2310	9975
2311	9977
2311	9978
2311	9979
2313	9983
2313	9984
2313	9985
2314	9987
2314	9988
2316	9995
2316	9996
2316	9997
2316	9998
2319	10005
2320	10007
2320	10008
2320	10009
2320	10010
2320	10011
2320	10012
2320	10013
2320	10014
2321	10016
2321	10017
2321	10018
2321	10019
2321	10020
2324	10026
2325	10028
2325	10029
2326	10031
2327	10033
2327	10034
2327	10035
2327	10036
2328	10038
2328	10039
2328	10040
2328	10041
2329	10043
2329	10044
2329	10045
2331	10050
2331	10051
2331	10052
2332	10054
2332	10055
2332	10056
2333	10058
2333	10059
2333	10060
2333	10061
2335	10069
2335	10070
2339	10074
2339	10075
2339	10076
2339	10077
2339	10078
2339	10079
2341	10087
2341	10088
2342	10090
2342	10091
2342	10092
2343	10094
2345	10099
2345	10100
2346	10102
2346	10103
2346	10104
2346	10105
2346	10106
2346	10107
2346	10108
2348	10110
2349	10112
2349	10113
2349	10114
2349	10115
2349	10116
2350	10118
2350	10119
2350	10120
2350	10121
2351	10123
2351	10124
2351	10125
2351	10126
2351	10127
2352	10129
2353	10131
2353	10132
2353	10133
2354	10135
2354	10136
2354	10137
2354	10138
2356	10144
2356	10145
2356	10146
2356	10147
2358	10153
2358	10154
2358	10155
2359	10157
2359	10158
2359	10159
2360	10161
2360	10162
2360	10163
2360	10164
2360	10165
2361	10167
2361	10168
2362	10170
2368	10184
2368	10185
2368	10186
2368	10187
2370	10193
2371	10195
2371	10196
2371	10197
2372	10199
2372	10200
2373	10202
2373	10203
2373	10204
2375	10206
2375	10207
2376	10209
2376	10210
2376	10211
2376	10212
2377	10214
2377	10215
2377	10216
2379	10223
2379	10224
2383	10232
2385	10238
2385	10239
2385	10240
2386	10242
2386	10243
2386	10244
2386	10245
2387	10247
2387	10248
2387	10249
2387	10250
2388	10252
2388	10253
2388	10254
2388	10255
2388	10256
2389	10258
2391	10264
2391	10265
2392	10267
2392	10268
2392	10269
2392	10270
2393	10272
2393	10273
2394	10275
2394	10276
2394	10277
2394	10278
2397	10283
2398	10285
2398	10286
2398	10287
2402	10305
2402	10306
2402	10307
2402	10308
2403	10310
2404	10312
2407	10321
2407	10322
2407	10323
2407	10324
2407	10325
2409	10332
2409	10333
2409	10334
2412	10346
2412	10347
2412	10348
2412	10349
2412	10350
2412	10351
2413	10353
2413	10354
2413	10355
2413	10356
2414	10358
2415	10360
2417	10368
2418	10370
2418	10371
2418	10372
2418	10373
2418	10374
2418	10375
2418	10376
2419	10378
2419	10379
2419	10380
2419	10381
2420	10383
2420	10384
2420	10385
2420	10386
2421	10388
2421	10389
2421	10390
2421	10391
2421	10392
2421	10393
2421	10394
2424	10402
2424	10403
2424	10404
2425	10406
2425	10407
2425	10408
2425	10409
2425	10410
2426	10412
2427	10414
2427	10415
2427	10416
2427	10417
2433	10439
2433	10440
2433	10441
2434	10443
2434	10444
2434	10445
2435	10447
2435	10448
2435	10449
2439	10459
2439	10460
2441	10465
2441	10466
2441	10467
2443	10471
2443	10472
2443	10473
2445	10478
2446	10480
2446	10481
2448	10483
2448	10484
2450	10486
2450	10487
2452	10492
2455	10497
2455	10498
2456	10500
2456	10501
2457	10503
2457	10504
2457	10505
2457	10506
2457	10507
2459	10512
2459	10513
2459	10514
2459	10515
2460	10517
2460	10518
2460	10519
2460	10520
2462	10527
2462	10528
2462	10529
2463	10531
2463	10532
2464	10534
2464	10535
2464	10536
2464	10537
2465	10539
2465	10540
2465	10541
2465	10542
2466	10544
2466	10545
2468	10547
2468	10548
2469	10550
2469	10551
2469	10552
2474	10571
2474	10572
2474	10573
2474	10574
2474	10575
2476	10583
2476	10584
2479	10592
2482	10600
2484	10604
2484	10605
2484	10606
2484	10607
2485	10609
2488	10616
2488	10617
2488	10618
2488	10619
2489	10621
2489	10622
2490	10624
2491	10626
2491	10627
2491	10628
2491	10629
2491	10630
2492	10632
2492	10633
2493	10635
2493	10636
2493	10637
2494	10639
2494	10640
2494	10641
2494	10642
2497	10649
2497	10650
2497	10651
2497	10652
2497	10653
2499	10658
2499	10659
2500	10661
2500	10662
2502	10670
2502	10671
2502	10672
2504	10677
2504	10678
2504	10679
2506	10688
2506	10689
2509	10698
2509	10699
2509	10700
2509	10701
2509	10702
2509	10703
2509	10704
2510	10706
2510	10707
2511	10709
2511	10710
2511	10711
2511	10712
2511	10713
2511	10714
2512	10716
2512	10717
2513	10719
2513	10720
2514	10722
2514	10723
2514	10724
2514	10725
2515	10727
2515	10728
2515	10729
2515	10730
2515	10731
2516	10733
2516	10734
2517	10736
2517	10737
2517	10738
2517	10739
2518	10741
2521	10751
2521	10752
2522	10754
2522	10755
2523	10757
2523	10758
2524	10760
2525	10762
2526	10764
2526	10765
2526	10766
2526	10767
2527	10769
2527	10770
2527	10771
2528	10773
2529	10775
2529	10776
2530	10778
2530	10779
2530	10780
2531	10782
2531	10783
2533	10787
2533	10788
2533	10789
2533	10790
2536	10797
2536	10798
2536	10799
2536	10800
2537	10802
2537	10803
2537	10804
2539	10811
2539	10812
2540	10814
2540	10815
2541	10817
2541	10818
2541	10819
2542	10821
2547	10846
2547	10847
2550	10856
2550	10857
2550	10858
2551	10860
2551	10861
2552	10863
2552	10864
2553	10866
2553	10867
2554	10869
2554	10870
2554	10871
2559	10885
2559	10886
2559	10887
2564	10901
2566	10908
2566	10909
2566	10910
2566	10911
2570	10924
2571	10926
2571	10927
2571	10928
2572	10930
2572	10931
2572	10932
2572	10933
2572	10934
2572	10935
2573	10937
2573	10938
2573	10939
2574	10941
2575	10943
2575	10944
2575	10945
2576	10947
2576	10948
2577	10950
2577	10951
2577	10952
2578	10954
2578	10955
2578	10956
2578	10957
2578	10958
2578	10959
2578	10960
2578	10961
2579	10963
2579	10964
2580	10966
2580	10967
2580	10968
2581	10970
2581	10971
2581	10972
2583	10977
2583	10978
2583	10979
2583	10980
2584	10982
2584	10983
2584	10984
2584	10985
2586	10994
2586	10995
2586	10996
2586	10997
2586	10998
2586	10999
2587	11001
2587	11002
2587	11003
2589	11009
2589	11010
2589	11011
2590	11013
2592	11015
2592	11016
2595	11028
2597	11037
2597	11038
2597	11039
2598	11041
2598	11042
2598	11043
2598	11044
2600	11050
2600	11051
2600	11052
2600	11053
2601	11055
2602	11057
2602	11058
2604	11064
2608	11072
2608	11073
2608	11074
2609	11076
2609	11077
2609	11078
2610	11080
2610	11081
2612	11087
2612	11088
2613	11090
2613	11091
2613	11092
2614	11094
2614	11095
2614	11096
2614	11097
2614	11098
2614	11099
2615	11101
2615	11102
2615	11103
2617	11110
2617	11111
2619	11116
2619	11117
2620	11119
2621	11121
2621	11122
2623	11126
2623	11127
2623	11128
2623	11129
2624	11131
2624	11132
2624	11133
2624	11134
2624	11135
2624	11136
2626	11142
2626	11143
2626	11144
2626	11145
2626	11146
2627	11148
2627	11149
2627	11150
2627	11151
2627	11152
2628	11154
2628	11155
2629	11157
2629	11158
2629	11159
2630	11161
2631	11163
2631	11164
2633	11170
2633	11171
2633	11172
2633	11173
2636	11181
2636	11182
2639	11193
2639	11194
2639	11195
2639	11196
2639	11197
2639	11198
2640	11200
2640	11201
2640	11202
2641	11204
2641	11205
2641	11206
2641	11207
2641	11208
2642	11210
2642	11211
2642	11212
2643	11214
2643	11215
2643	11216
2644	11218
2645	11220
2645	11221
2647	11226
2647	11227
2647	11228
2647	11229
2647	11230
2648	11232
2649	11234
2649	11235
2649	11236
2649	11237
2650	11239
2652	11243
2652	11244
2652	11245
2652	11246
2654	11254
2654	11255
2654	11256
2654	11257
2654	11258
2655	11260
2655	11261
2655	11262
2656	11264
2657	11266
2657	11267
2659	11273
2659	11274
2663	11284
2663	11285
2665	11291
2665	11292
2665	11293
2665	11294
2665	11295
2665	11296
2667	11306
2667	11307
2668	11309
2668	11310
2670	11314
2670	11315
2670	11316
2670	11317
2675	11333
2675	11334
2675	11335
2675	11336
2676	11338
2676	11339
2676	11340
2676	11341
2677	11343
2677	11344
2677	11345
2677	11346
2677	11347
2679	11351
2679	11352
2679	11353
2679	11354
2679	11355
2687	11370
2689	11372
2691	11377
2691	11378
2691	11379
2692	11381
2693	11383
2695	11391
2695	11392
2695	11393
2696	11395
2696	11396
2696	11397
2698	11399
2698	11400
2698	11401
2698	11402
2699	11404
2699	11405
2699	11406
2701	11411
2701	11412
2702	11414
2704	11418
2704	11419
2704	11420
2704	11421
2704	11422
2704	11423
2704	11424
2704	11425
2704	11426
2706	11433
2706	11434
2707	11436
2709	11442
2709	11443
2710	11445
2710	11446
2710	11447
2711	11449
2713	11454
2713	11455
2714	11457
2714	11458
2714	11459
2714	11460
2715	11462
2715	11463
2715	11464
2715	11465
2718	11477
2718	11478
2718	11479
2718	11480
2719	11482
2719	11483
2722	11493
2722	11494
2722	11495
2722	11496
2724	11500
2724	11501
2725	11503
2726	11505
2726	11506
2727	11508
2727	11509
2728	11511
2729	11513
2729	11514
2729	11515
2729	11516
2729	11517
2730	11519
2730	11520
2730	11521
2734	11534
2734	11535
2734	11536
2734	11537
2738	11552
2739	11554
2739	11555
2740	11557
2740	11558
2740	11559
2740	11560
2740	11561
2740	11562
2742	11567
2742	11568
2742	11569
2742	11570
2742	11571
2742	11572
2742	11573
2742	11574
2742	11575
2743	11577
2743	11578
2744	11580
2744	11581
2744	11582
2746	11586
2746	11587
2747	11589
2747	11590
2748	11592
2748	11593
2749	11595
2750	11597
2750	11598
2751	11600
2753	11607
2753	11608
2753	11609
2754	11611
2754	11612
2756	11618
2756	11619
2756	11620
2756	11621
2757	11623
2758	11625
2759	11627
2759	11628
2761	11633
2761	11634
2761	11635
2762	11637
2762	11638
2762	11639
2762	11640
2762	11641
2763	11643
2763	11644
2764	11646
2766	11650
2766	11651
2767	11653
2767	11654
2768	11656
2768	11657
2768	11658
2768	11659
2768	11660
2769	11662
2769	11663
2770	11665
2770	11666
2771	11668
2771	11669
2771	11670
2771	11671
2771	11672
2773	11677
2774	11679
2776	11681
2776	11682
2776	11683
2776	11684
2777	11686
2777	11687
2777	11688
2777	11689
2778	11691
2778	11692
2780	11699
2780	11700
2784	11713
2784	11714
2784	11715
2784	11716
2784	11717
2785	11719
2785	11720
2785	11721
2786	11723
2786	11724
2787	11726
2787	11727
2787	11728
2788	11730
2788	11731
2788	11732
2788	11733
2789	11735
2789	11736
2789	11737
2789	11738
2789	11739
2790	11741
2790	11742
2790	11743
2790	11744
2790	11745
2791	11747
2791	11748
2791	11749
2792	11751
2792	11752
2794	11756
2794	11757
2795	11759
2795	11760
2795	11761
2795	11762
2798	11773
2799	11775
2799	11776
2799	11777
2800	11779
2805	11798
2805	11799
2806	11801
2806	11802
2806	11803
2807	11805
2807	11806
2807	11807
2807	11808
2807	11809
2808	11811
2808	11812
2809	11814
2809	11815
2809	11816
2809	11817
2809	11818
2810	11820
2811	11822
2811	11823
2811	11824
2814	11834
2814	11835
2814	11836
2816	11842
2816	11843
2816	11844
2818	11848
2818	11849
2818	11850
2819	11852
2819	11853
2820	11855
2820	11856
2820	11857
2822	11859
2822	11860
2822	11861
2822	11862
2822	11863
2823	11865
2823	11866
2823	11867
2823	11868
2823	11869
2825	11873
2825	11874
2825	11875
2827	11879
2829	11888
2829	11889
2829	11890
2829	11891
2831	11897
2831	11898
2831	11899
2835	11907
2836	11909
2836	11910
2838	11914
2838	11915
2840	11919
2840	11920
2840	11921
2840	11922
2840	11923
2840	11924
2841	11926
2841	11927
2841	11928
2842	11930
2842	11931
2844	11936
2844	11937
2844	11938
2844	11939
2844	11940
2845	11942
2845	11943
2845	11944
2845	11945
2845	11946
2847	11948
2847	11949
2851	11957
2851	11958
2851	11959
2856	11982
2858	11987
2858	11988
2858	11989
2866	12017
2867	12019
2869	12024
2874	12041
2876	12047
2876	12048
2876	12049
2876	12050
2877	12052
2877	12053
2877	12054
2877	12055
2877	12056
2877	12057
2878	12059
2878	12060
2879	12062
2879	12063
2879	12064
2879	12065
2879	12066
2879	12067
2880	12069
2881	12071
2881	12072
2882	12074
2882	12075
2886	12088
2886	12089
2887	12091
2887	12092
2887	12093
2889	12098
2889	12099
2889	12100
2890	12102
2890	12103
2890	12104
2891	12106
2892	12108
2892	12109
2893	12111
2893	12112
2893	12113
2894	12115
2894	12116
2897	12125
2897	12126
2899	12132
2900	12134
2900	12135
2900	12136
2900	12137
2900	12138
2903	12145
2903	12146
2904	12148
2904	12149
2904	12150
2904	12151
2907	12155
2907	12156
2909	12160
2913	12174
2913	12175
2913	12176
2913	12177
2916	12189
2918	12197
2921	12203
2921	12204
2921	12205
2921	12206
2921	12207
2921	12208
2923	12212
2923	12213
2923	12214
2925	12221
2929	12232
2929	12233
2929	12234
2929	12235
2929	12236
2931	12242
2932	12244
2932	12245
2932	12246
2933	12248
2933	12249
2933	12250
2935	12256
2935	12257
2939	12266
2939	12267
2939	12268
2943	12275
2943	12276
2943	12277
2946	12286
2946	12287
2948	12293
2948	12294
2952	12308
2952	12309
2953	12311
2953	12312
2954	12314
2957	12321
2957	12322
2957	12323
2961	12335
2962	12337
2962	12338
2962	12339
2962	12340
2962	12341
2962	12342
2963	12344
2963	12345
2966	12353
2968	12357
2968	12358
2968	12359
2969	12361
2970	12363
2970	12364
2976	12383
2977	12385
2977	12386
2977	12387
2979	12393
2979	12394
2979	12395
2982	12401
2982	12402
2982	12403
2982	12404
2982	12405
2983	12407
2983	12408
2986	12416
2988	12421
2988	12422
2988	12423
2988	12424
2988	12425
2988	12426
2991	12431
2992	12433
2992	12434
2994	12442
2996	12448
2996	12449
2999	12451
2999	12452
2999	12453
3001	12455
3001	12456
3001	12457
3002	12459
3002	12460
3004	12466
3004	12467
3004	12468
3006	12470
3008	12472
3008	12473
3008	12474
3009	12476
3010	12478
3013	12484
3013	12485
3013	12486
3015	12491
3015	12492
3015	12493
3015	12494
3016	12496
3018	12500
3020	12502
3021	12504
3021	12505
3021	12506
3021	12507
3023	12512
3023	12513
3023	12514
3023	12515
3023	12516
3023	12517
3024	12519
3024	12520
3024	12521
3025	12523
3025	12524
3025	12525
3027	12533
3027	12534
3028	12536
3028	12537
3032	12541
3034	12547
3034	12548
3034	12549
3035	12551
3037	12553
3038	12555
3038	12556
3039	12558
3039	12559
3039	12560
3039	12561
3039	12562
3039	12563
3040	12565
3040	12566
3040	12567
3040	12568
3040	12569
3040	12570
3040	12571
3045	12589
3045	12590
3047	12592
3047	12593
3047	12594
3050	12600
3050	12601
3050	12602
3052	12604
3052	12605
3054	12610
3054	12611
3055	12613
3056	12615
3056	12616
3058	12622
3059	12624
3059	12625
3066	12646
3066	12647
3067	12649
3067	12650
3070	12658
3070	12659
3070	12660
3071	12662
3071	12663
3071	12664
3072	12666
3072	12667
3074	12672
3077	12680
3080	12685
3081	12687
3081	12688
3081	12689
3083	12695
3083	12696
3083	12697
3083	12698
3085	12705
3085	12706
3086	12708
3086	12709
3086	12710
3086	12711
3088	12715
3088	12716
3089	12718
3089	12719
3089	12720
3089	12721
3093	12732
3093	12733
3093	12734
3093	12735
3094	12737
3094	12738
3094	12739
3095	12741
3095	12742
3095	12743
3098	12755
3099	12757
3100	12759
3100	12760
3100	12761
3100	12762
3101	12764
3101	12765
3101	12766
3101	12767
3105	12779
3105	12780
3106	12782
3106	12783
3106	12784
3109	12795
3110	12797
3110	12798
3112	12802
3117	12812
3117	12813
3117	12814
3117	12815
3117	12816
3119	12825
3119	12826
3119	12827
3119	12828
3121	12834
3121	12835
3124	12845
3125	12847
3125	12848
3125	12849
3126	12851
3134	12874
3134	12875
3135	12877
3135	12878
3137	12880
3137	12881
3137	12882
3138	12884
3138	12885
3138	12886
3139	12888
3141	12892
3141	12893
3142	12895
3142	12896
3142	12897
3143	12899
3143	12900
3149	12914
3149	12915
3150	12917
3150	12918
3150	12919
3150	12920
3150	12921
3150	12922
3155	12935
3155	12936
3160	12945
3164	12954
3164	12955
3164	12956
3164	12957
3167	12967
3167	12968
3167	12969
3167	12970
3168	12972
3168	12973
3171	12979
3172	12981
3172	12982
3174	12988
3174	12989
3174	12990
3176	12995
3176	12996
3176	12997
3176	12998
3177	13000
3177	13001
3178	13003
3178	13004
3180	13010
3180	13011
3180	13012
3181	13014
3181	13015
3181	13016
3182	13018
3182	13019
3183	13021
3183	13022
3183	13023
3183	13024
3184	13026
3184	13027
3185	13029
3185	13030
3185	13031
3185	13032
3186	13034
3186	13035
3187	13037
3187	13038
3187	13039
3187	13040
3189	13045
3189	13046
3191	13051
3191	13052
3193	13058
3198	13075
3201	13079
3201	13080
3201	13081
3206	13093
3207	13095
3207	13096
3208	13098
3208	13099
3214	13108
3214	13109
3214	13110
3214	13111
3215	13113
3218	13120
3218	13121
3218	13122
3219	13124
3219	13125
3220	13127
3220	13128
3222	13130
3222	13131
3222	13132
3225	13137
3225	13138
3225	13139
3225	13140
3227	13142
3227	13143
3227	13144
3230	13150
3230	13151
3230	13152
3233	13160
3238	13165
3238	13166
3240	13171
3240	13172
3240	13173
3241	13175
3242	13177
3244	13179
3244	13180
3245	13182
3249	13194
3254	13207
3254	13208
3254	13209
3254	13210
3254	13211
3255	13213
3255	13214
3255	13215
3255	13216
3255	13217
3256	13219
3257	13221
3262	13231
3263	13233
3263	13234
3263	13235
3263	13236
3266	13247
3266	13248
3267	13250
3269	13254
3269	13255
3271	13259
3271	13260
3271	13261
3271	13262
3271	13263
3271	13264
3271	13265
3274	13271
3274	13272
3274	13273
3275	13275
3275	13276
3277	13282
3277	13283
3277	13284
3279	13289
3279	13290
3280	13292
3280	13293
3280	13294
3280	13295
3282	13299
3282	13300
3282	13301
3283	13303
3283	13304
3284	13306
3284	13307
3284	13308
3287	13314
3287	13315
3289	13322
3289	13323
3289	13324
3291	13329
3294	13335
3294	13336
3294	13337
3295	13339
3299	13350
3300	13352
3300	13353
3303	13357
3304	13359
3304	13360
3304	13361
3305	13363
3306	13365
3306	13366
3307	13368
3307	13369
3308	13371
3308	13372
3308	13373
3308	13374
3309	13376
3309	13377
3309	13378
3310	13380
3310	13381
3316	13399
3317	13401
3317	13402
3318	13404
3318	13405
3318	13406
3319	13408
3319	13409
3319	13410
3319	13411
3319	13412
3319	13413
3321	13415
3321	13416
3321	13417
3323	13423
3323	13424
3323	13425
3323	13426
3324	13428
3324	13429
3325	13431
3326	13433
3326	13434
3326	13435
3326	13436
3328	13442
3328	13443
3328	13444
3330	13446
3330	13447
3330	13448
3331	13450
3331	13451
3331	13452
3331	13453
3333	13455
3333	13456
3333	13457
3334	13459
3337	13464
3337	13465
3337	13466
3339	13468
3339	13469
3339	13470
3341	13474
3341	13475
3344	13487
3344	13488
3345	13490
3345	13491
3346	13493
3346	13494
3346	13495
3346	13496
3347	13498
3347	13499
3350	13504
3350	13505
3350	13506
3351	13508
3352	13510
3352	13511
3352	13512
3356	13524
3356	13525
3356	13526
3356	13527
3359	13537
3359	13538
3359	13539
3359	13540
3360	13542
3362	13548
3364	13555
3364	13556
3364	13557
3365	13559
3366	13561
3366	13562
3366	13563
3369	13567
3369	13568
3375	13582
3375	13583
3376	13585
3379	13590
3380	13592
3382	13596
3383	13598
3385	13600
3385	13601
3385	13602
3387	13608
3387	13609
3387	13610
3389	13612
3389	13613
3391	13617
3393	13619
3394	13621
3394	13622
3394	13623
3397	13630
3397	13631
3398	13633
3398	13634
3399	13636
3400	13638
3402	13643
3403	13645
3403	13646
3403	13647
3403	13648
3404	13650
3404	13651
3406	13655
3406	13656
3406	13657
3406	13658
3407	13660
3408	13662
3408	13663
3408	13664
3409	13666
3409	13667
3409	13668
3410	13670
3410	13671
3413	13679
3413	13680
3414	13682
3414	13683
3415	13685
3415	13686
3415	13687
3416	13689
3416	13690
3416	13691
3416	13692
3416	13693
3416	13694
3422	13708
3422	13709
3423	13711
3423	13712
3423	13713
3424	13715
3428	13722
3428	13723
3429	13725
3429	13726
3429	13727
3429	13728
3432	13733
3432	13734
3432	13735
3434	13740
3434	13741
3439	13750
3440	13752
3440	13753
3440	13754
3442	13759
3442	13760
3443	13762
3443	13763
3446	13771
3449	13777
3450	13779
3450	13780
3450	13781
3451	13783
3451	13784
3451	13785
3454	13790
3454	13791
3454	13792
3455	13794
3459	13805
3461	13807
3462	13809
3462	13810
3463	13812
3465	13816
3466	13818
3466	13819
3468	13824
3468	13825
3468	13826
3470	13832
3470	13833
3470	13834
3470	13835
3472	13839
3472	13840
3473	13842
3473	13843
3476	13845
3476	13846
3476	13847
3476	13848
3478	13853
3478	13854
3480	13858
3480	13859
3483	13865
3484	13867
3484	13868
3484	13869
3490	13883
3491	13885
3493	13889
3493	13890
3493	13891
3500	13902
3503	13907
3503	13908
3503	13909
3505	13911
3505	13912
3506	13914
3508	13921
3510	13923
3511	13925
3511	13926
3511	13927
3511	13928
3511	13929
3516	13937
3519	13941
3519	13942
3519	13943
3519	13944
3519	13945
3519	13946
3520	13948
3521	13950
3521	13951
3523	13956
3523	13957
3523	13958
3535	13984
3535	13985
3535	13986
3536	13988
3536	13989
3536	13990
3536	13991
3538	13998
3540	14002
3540	14003
3541	14005
3544	14010
3544	14011
3545	14013
3546	14015
3546	14016
3547	14018
3550	14027
3550	14028
3550	14029
3552	14034
3552	14035
3554	14040
3556	14042
3557	14044
3558	14046
3560	14052
3560	14053
3566	14072
3566	14073
3567	14075
3569	14077
3569	14078
3569	14079
3569	14080
3569	14081
3569	14082
3570	14084
3571	14086
3573	14088
3573	14089
3573	14090
3574	14092
3577	14096
3579	14100
3583	14107
3584	14109
3585	14111
3585	14112
3585	14113
3587	14117
3588	14119
3588	14120
3588	14121
3588	14122
3589	14124
3589	14125
3590	14127
3590	14128
3590	14129
3590	14130
3591	14132
3592	14134
3592	14135
3592	14136
3592	14137
3592	14138
3592	14139
3592	14140
3592	14141
3594	14145
3597	14150
3597	14151
3598	14153
3598	14154
3599	14156
3599	14157
3601	14164
3601	14165
3601	14166
3603	14170
3603	14171
3605	14176
3605	14177
3608	14182
3609	14184
3609	14185
3617	14192
3621	14203
3621	14204
3625	14211
3626	14213
3628	14219
3630	14224
3633	14229
3636	14236
3636	14237
3636	14238
3637	14240
3637	14241
3637	14242
3637	14243
3639	14248
3639	14249
3639	14250
3641	14255
3641	14256
3641	14257
3644	14259
3647	14263
3647	14264
3648	14266
3650	14268
3650	14269
3650	14270
3652	14272
3653	14274
3656	14285
3656	14286
3660	14292
3660	14293
3662	14295
3662	14296
3662	14297
3663	14299
3666	14303
3667	14305
3667	14306
3667	14307
3671	14316
3672	14318
3672	14319
3673	14321
3675	14323
3675	14324
3676	14326
3677	14328
3680	14332
3680	14333
3682	14335
3685	14340
3685	14341
3685	14342
3686	14344
3686	14345
3689	14352
3698	14370
3698	14371
3698	14372
3700	14377
3700	14378
3703	14386
3708	14394
3708	14395
3710	14397
3721	14414
3721	14415
3722	14417
3726	14423
3731	14433
3731	14434
3733	14438
3733	14439
3737	14441
3737	14442
3739	14444
3745	14449
3747	14453
3747	14454
3747	14455
3749	14457
3750	14459
3750	14460
3750	14461
3751	14463
3753	14468
3753	14469
3754	14471
3757	14473
3763	14477
3767	14485
3767	14486
3767	14487
3768	14489
3769	14491
3771	14495
3777	14499
3778	14501
3783	14507
3783	14508
3786	14514
3789	14519
3789	14520
3793	14522
3795	14524
3796	14526
3798	14531
3800	14533
3804	14537
3805	14539
3812	14548
3817	14553
3822	14557
3823	14559
3824	14561
3827	14563
3846	14567
3852	14578
3855	14580
3858	14582
3860	14584
3862	14588
3862	14589
3864	14591
3867	14593
3874	14597
3875	14599
3878	14601
3880	14603
3883	14605
3884	14607
