0 0 1 2
1 4 5 6 7
2 9 10 11
3 13 14
4 16
5 18 19 20 21 22 23 24 25
6 27 28 29 30
7 32 33 34 35 36
8 38 39 40
9 42 43 44
10 46 47 48 49 50
11 52 53 54 55 56 57 58 59 60
12 62 63 64 65 66
13 68 69 70
14 72 73 74
15 76 77 78 79 80 81
17 83 84 85 86 87 88
18 90 91
19 93 94 95 96 97 98 99 100
20 102 103 104 105 106
21 108 109 110 111
22 113 114 115 116
23 118 119
24 121
25 123 124 125 126 127
26 129
27 131 132 133
28 135 136 137
30 139 140 141 142 143 144
31 146 147 148 149
32 151 152
33 154
34 156 157 158
35 160 161
36 163 164
37 166 167 168
38 170 171 172
39 174 175 176
40 178 179 180 181 182
41 184 185 186 187 188
42 190
43 192 193 194 195 196 197 198 199
44 201 202 203 204 205
45 207 208 209 210
46 212 213 214 215 216
47 218 219 220
48 222 223
49 225 226 227 228 229
50 231 232 233 234
51 236 237 238 239
52 241 242 243 244
53 246 247 248
54 250 251
55 253 254
56 256 257 258
57 260 261 262 263
58 265 266 267 268 269
59 271 272 273 274
60 276 277 278
61 280 281
62 283 284 285
63 287 288 289 290 291 292 293 294
64 296 297
65 299 300 301
66 303 304 305 306 307
68 309 310 311 312 313 314
69 316 317 318
70 320 321 322
71 324
72 326 327 328 329 330 331 332
73 334 335 336 337
74 339 340
75 342 343 344
76 346 347 348
77 350 351 352 353
78 355 356 357 358 359
79 361 362 363
80 365 366 367 368 369
81 371 372 373 374 375
82 377 378 379
83 381 382 383 384
84 386 387 388 389 390 391
85 393 394 395
86 397 398
87 400 401 402
88 404 405
89 407 408 409 410
90 412 413 414 415 416
91 418
92 420 421 422 423 424 425
93 427 428 429 430
94 432 433 434 435 436
95 438 439
96 441 442 443 444 445 446
97 448 449 450
98 452 453
99 455 456 457
100 459 460 461 462 463 464 465
101 467 468 469 470 471
102 473 474 475 476
103 478 479 480 481 482
104 484 485 486 487
105 489 490 491 492
106 494 495
107 497
108 499
109 501 502
110 504 505 506 507 508 509 510 511
111 513 514 515 516 517 518
112 520 521 522 523
113 525 526 527 528 529 530
114 532 533
115 535 536 537 538 539
116 541 542
118 544 545
119 547 548 549 550 551
120 553 554
121 556
122 558 559 560 561 562 563 564 565 566
123 568 569 570
124 572 573 574 575 576 577
125 579 580 581 582
126 584 585
127 587 588 589 590
128 592 593 594 595 596
129 598 599 600
130 602 603
131 605 606 607
132 609 610 611 612 613 614 615 616
133 618 619 620 621 622
134 624 625 626 627
135 629 630 631
136 633 634 635
137 637 638 639 640 641 642
138 644 645 646
139 648 649 650
140 652 653 654 655
141 657 658 659 660 661 662 663 664 665
142 667 668 669
143 671 672 673 674 675
144 677
145 679 680
146 682 683 684 685 686
147 688 689 690 691 692
148 694 695 696 697
149 699 700 701 702 703
150 705 706 707 708 709 710 711 712
151 714 715 716
152 718 719 720 721
153 723 724 725
154 727 728 729 730 731 732 733
155 735 736 737
156 739 740 741 742 743 744 745 746
157 748 749
159 751 752
160 754
161 756 757 758 759
162 761 762 763 764 765 766
163 768 769 770 771 772
164 774 775 776 777 778
165 780 781 782 783
166 785 786 787 788
168 790 791 792 793 794 795
169 797 798 799 800
170 802 803 804
171 806 807
172 809 810
173 812 813 814
174 816 817 818
175 820 821 822 823
176 825
177 827 828
178 830 831
179 833 834 835 836
180 838 839 840 841 842 843 844
181 846 847 848 849
182 851 852 853
183 855 856 857
184 859 860 861 862 863 864
185 866 867 868
186 870 871 872
187 874 875 876 877 878
188 880 881 882 883 884 885 886
189 888 889
190 891 892 893
191 895
192 897 898 899 900
193 902 903 904 905 906
194 908 909 910
195 912 913 914 915 916
196 918 919
197 921 922 923 924 925 926 927 928
198 930 931 932 933
199 935 936 937
200 939 940
201 942 943
202 945 946 947 948 949 950
203 952 953
204 955 956 957 958
205 960 961 962 963 964 965 966
206 968 969
207 971 972 973 974
208 976 977 978 979 980
209 982
210 984 985 986
211 988 989 990 991 992 993 994
212 996 997 998 999 1000
213 1002 1003 1004 1005 1006
214 1008
215 1010
216 1012 1013 1014 1015 1016
217 1018 1019 1020 1021 1022 1023
218 1025 1026 1027 1028 1029
219 1031 1032 1033 1034 1035 1036
220 1038 1039
221 1041 1042 1043
222 1045 1046 1047 1048 1049 1050
223 1052 1053 1054
224 1056 1057 1058 1059 1060 1061 1062 1063
225 1065 1066 1067
226 1069 1070 1071 1072 1073
227 1075 1076 1077 1078 1079
228 1081 1082 1083 1084
229 1086
230 1088 1089 1090
231 1092 1093
232 1095 1096
233 1098 1099 1100 1101
234 1103 1104 1105
235 1107 1108 1109 1110 1111
236 1113
237 1115 1116 1117 1118 1119
238 1121 1122 1123
239 1125 1126 1127 1128 1129
240 1131
241 1133 1134 1135 1136 1137 1138 1139
242 1141
243 1143
244 1145 1146 1147 1148 1149 1150 1151
246 1153 1154
247 1156 1157 1158 1159 1160 1161
248 1163 1164 1165 1166
249 1168 1169 1170 1171 1172 1173 1174
250 1176 1177 1178 1179 1180
251 1182 1183 1184
252 1186 1187
253 1189 1190 1191
254 1193 1194 1195
255 1197 1198
256 1200 1201 1202 1203 1204 1205 1206
257 1208 1209 1210
258 1212 1213
259 1215 1216 1217 1218 1219 1220
260 1222 1223 1224
261 1226 1227
262 1229 1230 1231
263 1233
264 1235
265 1237 1238 1239 1240
266 1242 1243 1244
267 1246 1247 1248 1249 1250
268 1252 1253 1254 1255
269 1257 1258 1259 1260
270 1262 1263 1264 1265
271 1267 1268 1269 1270 1271
272 1273 1274 1275 1276
273 1278
274 1280 1281
275 1283 1284 1285 1286 1287 1288
276 1290 1291 1292 1293
277 1295 1296
278 1298 1299 1300
279 1302 1303 1304 1305 1306 1307
280 1309 1310 1311 1312
281 1314 1315 1316 1317 1318 1319 1320
282 1322 1323 1324 1325 1326 1327 1328 1329 1330
283 1332 1333 1334 1335 1336 1337 1338 1339
284 1341 1342 1343
285 1345 1346 1347
286 1349 1350
287 1352
288 1354 1355 1356 1357 1358 1359 1360
289 1362 1363 1364 1365
290 1367 1368
291 1370 1371
292 1373 1374
293 1376 1377
294 1379 1380 1381 1382 1383
295 1385 1386 1387 1388 1389
296 1391 1392 1393 1394
297 1396 1397 1398 1399 1400 1401
298 1403
299 1405
300 1407 1408
301 1410 1411 1412 1413 1414 1415
302 1417 1418 1419 1420
303 1422 1423 1424
304 1426 1427 1428 1429
305 1431 1432
307 1434 1435
308 1437 1438 1439
309 1441 1442
310 1444 1445 1446 1447 1448
312 1450 1451 1452 1453 1454 1455 1456
313 1458 1459 1460 1461 1462 1463 1464
314 1466 1467 1468 1469
315 1471 1472
316 1474 1475
317 1477 1478 1479
318 1481 1482
319 1484 1485 1486 1487 1488 1489 1490
320 1492 1493 1494 1495
321 1497
322 1499 1500 1501
323 1503 1504 1505 1506 1507
324 1509 1510 1511 1512 1513 1514
325 1516 1517 1518 1519 1520 1521 1522
326 1524 1525 1526 1527
327 1529 1530 1531 1532
328 1534 1535 1536 1537 1538 1539
329 1541 1542 1543 1544
330 1546 1547 1548 1549 1550
331 1552 1553 1554
332 1556 1557
333 1559
334 1561
335 1563
336 1565 1566
337 1568 1569 1570 1571 1572
338 1574 1575
339 1577 1578 1579 1580
341 1582 1583 1584
342 1586 1587 1588 1589
344 1591 1592 1593 1594 1595 1596 1597 1598 1599
345 1601 1602 1603 1604
346 1606 1607 1608
347 1610 1611 1612
348 1614
350 1616 1617
351 1619 1620 1621
352 1623 1624 1625 1626
353 1628 1629
354 1631
355 1633 1634 1635
356 1637 1638 1639 1640
357 1642 1643
358 1645 1646 1647 1648
360 1650 1651 1652 1653 1654
361 1656 1657 1658 1659 1660
362 1662 1663 1664 1665 1666
363 1668 1669 1670
364 1672 1673 1674 1675 1676
365 1678 1679 1680 1681
366 1683
367 1685 1686 1687 1688
368 1690 1691 1692 1693 1694 1695 1696
369 1698 1699 1700 1701
370 1703 1704
371 1706 1707 1708 1709 1710 1711
372 1713 1714 1715 1716 1717
373 1719 1720 1721
375 1723 1724
376 1726 1727
377 1729 1730 1731 1732
378 1734 1735 1736 1737 1738 1739
379 1741 1742 1743
380 1745
381 1747 1748 1749
382 1751 1752 1753 1754
383 1756 1757 1758 1759 1760
384 1762 1763 1764 1765
385 1767 1768 1769 1770
386 1772 1773 1774 1775 1776
387 1778 1779
388 1781 1782 1783 1784 1785
389 1787 1788 1789 1790
390 1792 1793 1794 1795 1796
391 1798 1799 1800
392 1802 1803
393 1805 1806
394 1808 1809 1810 1811 1812 1813
395 1815 1816 1817 1818 1819 1820 1821
396 1823 1824 1825 1826 1827
397 1829 1830 1831
398 1833 1834 1835
399 1837 1838 1839
400 1841 1842 1843
401 1845 1846 1847
402 1849 1850 1851 1852
403 1854 1855 1856
404 1858 1859
405 1861 1862 1863 1864 1865 1866 1867 1868 1869
406 1871 1872 1873
407 1875 1876
408 1878 1879 1880
409 1882 1883 1884 1885
410 1887 1888 1889
411 1891 1892 1893
413 1895 1896
414 1898 1899 1900
415 1902 1903 1904 1905 1906 1907
416 1909 1910 1911 1912 1913 1914 1915 1916 1917
417 1919 1920 1921
418 1923 1924 1925 1926
419 1928 1929 1930 1931
420 1933 1934 1935 1936
421 1938
422 1940 1941 1942 1943 1944
423 1946 1947 1948 1949
424 1951 1952
425 1954 1955 1956 1957
426 1959 1960 1961 1962 1963
427 1965 1966 1967 1968 1969
428 1971 1972 1973 1974 1975
429 1977 1978
430 1980 1981 1982 1983 1984 1985 1986 1987
431 1989 1990 1991
432 1993
434 1995 1996
435 1998
436 2000 2001 2002 2003 2004 2005
437 2007 2008 2009 2010 2011 2012 2013 2014
438 2016 2017 2018 2019 2020
439 2022 2023 2024 2025
440 2027 2028 2029 2030 2031 2032 2033
441 2035 2036 2037
442 2039 2040
443 2042 2043 2044 2045 2046
444 2048 2049 2050 2051 2052 2053
445 2055 2056 2057 2058 2059
446 2061 2062 2063 2064 2065 2066
447 2068 2069 2070 2071
448 2073 2074 2075 2076 2077
449 2079 2080 2081 2082
450 2084 2085
451 2087 2088
452 2090
453 2092 2093 2094 2095
454 2097 2098 2099
455 2101 2102 2103 2104
456 2106 2107 2108
457 2110 2111 2112
459 2114 2115 2116 2117
460 2119 2120
462 2122 2123
464 2125 2126
465 2128 2129
466 2131 2132 2133 2134
467 2136 2137 2138 2139 2140 2141 2142 2143 2144
468 2146 2147 2148 2149 2150 2151
469 2153 2154 2155
470 2157 2158 2159 2160
471 2162 2163 2164 2165 2166 2167
472 2169 2170 2171 2172 2173
474 2175
475 2177 2178 2179
476 2181 2182 2183 2184
477 2186 2187 2188 2189 2190 2191 2192
478 2194 2195
479 2197 2198
480 2200 2201 2202 2203
481 2205 2206 2207 2208 2209 2210 2211
482 2213 2214 2215 2216
483 2218 2219 2220 2221 2222
484 2224 2225 2226 2227 2228
485 2230 2231 2232 2233 2234 2235
486 2237 2238
487 2240 2241 2242
488 2244 2245 2246 2247 2248
489 2250 2251 2252
490 2254 2255 2256 2257 2258 2259
492 2261 2262 2263 2264
493 2266 2267 2268 2269
494 2271 2272 2273
495 2275 2276 2277 2278 2279 2280 2281 2282
496 2284 2285 2286
497 2288 2289 2290
498 2292 2293
499 2295 2296
500 2298 2299 2300 2301 2302 2303
501 2305 2306 2307 2308
502 2310 2311 2312
503 2314
504 2316
505 2318 2319 2320 2321 2322
506 2324 2325
507 2327 2328
508 2330
509 2332 2333
510 2335 2336 2337 2338 2339 2340 2341 2342
511 2344 2345 2346 2347 2348 2349
512 2351 2352 2353 2354 2355 2356
513 2358 2359 2360
514 2362 2363 2364 2365 2366
515 2368
516 2370 2371
517 2373 2374 2375 2376
518 2378 2379 2380 2381
519 2383 2384 2385 2386
520 2388 2389
521 2391 2392
522 2394 2395 2396 2397 2398
523 2400 2401
524 2403 2404
525 2406 2407 2408
527 2410 2411 2412 2413
528 2415 2416 2417
529 2419 2420 2421 2422 2423 2424
530 2426 2427 2428 2429 2430 2431
531 2433 2434
532 2436 2437 2438
533 2440 2441 2442
534 2444
535 2446 2447 2448
536 2450 2451 2452 2453 2454
537 2456 2457
538 2459 2460 2461
539 2463 2464 2465
540 2467 2468
541 2470 2471 2472
542 2474 2475 2476 2477 2478 2479 2480
543 2482 2483 2484 2485 2486
544 2488 2489 2490 2491
545 2493 2494 2495 2496 2497
546 2499 2500 2501 2502 2503
547 2505 2506 2507 2508 2509 2510 2511 2512 2513
548 2515 2516 2517 2518 2519 2520 2521 2522 2523
549 2525 2526 2527
550 2529 2530 2531 2532
551 2534 2535 2536
552 2538
553 2540 2541 2542
554 2544 2545 2546
555 2548 2549 2550 2551
556 2553
557 2555
558 2557 2558 2559
559 2561 2562 2563 2564 2565
560 2567
561 2569
562 2571 2572 2573 2574 2575 2576 2577 2578 2579
563 2581 2582 2583 2584 2585
564 2587 2588 2589 2590
565 2592 2593 2594 2595 2596 2597 2598 2599 2600
566 2602 2603 2604 2605 2606 2607
567 2609
568 2611 2612 2613 2614 2615 2616 2617
569 2619 2620
570 2622 2623 2624
571 2626 2627 2628 2629
572 2631 2632 2633 2634
573 2636 2637 2638 2639
574 2641 2642 2643 2644 2645 2646
575 2648 2649 2650 2651
576 2653 2654 2655 2656 2657 2658
577 2660 2661 2662 2663 2664
578 2666 2667
579 2669 2670 2671 2672 2673 2674 2675 2676 2677
580 2679
581 2681 2682 2683 2684
582 2686 2687 2688 2689
583 2691 2692 2693 2694 2695 2696
584 2698 2699 2700 2701 2702
585 2704 2705 2706 2707 2708 2709
586 2711 2712 2713
587 2715
588 2717
589 2719 2720 2721 2722
590 2724 2725 2726 2727 2728 2729
591 2731 2732 2733
592 2735 2736
593 2738 2739 2740
594 2742 2743 2744 2745
596 2747 2748
597 2750 2751 2752 2753
598 2755 2756 2757 2758
599 2760 2761 2762 2763 2764
600 2766
601 2768 2769
602 2771 2772 2773 2774 2775
603 2777 2778 2779 2780 2781
604 2783 2784 2785 2786 2787
605 2789
606 2791 2792 2793
607 2795
608 2797 2798 2799 2800 2801
609 2803 2804 2805
610 2807 2808 2809 2810 2811
611 2813 2814 2815
612 2817 2818 2819 2820 2821
613 2823 2824 2825
614 2827 2828 2829
615 2831 2832 2833
616 2835 2836 2837 2838 2839
617 2841 2842 2843 2844
618 2846 2847 2848
619 2850 2851 2852 2853 2854 2855 2856 2857
620 2859
621 2861 2862
622 2864 2865
623 2867 2868
624 2870 2871 2872 2873
625 2875
626 2877 2878 2879 2880 2881 2882 2883 2884 2885
627 2887 2888 2889
629 2891 2892 2893 2894
630 2896 2897 2898
631 2900 2901 2902 2903 2904
632 2906 2907 2908 2909
633 2911 2912 2913
634 2915
635 2917 2918 2919 2920 2921 2922
636 2924 2925 2926 2927
637 2929 2930 2931 2932 2933
638 2935 2936 2937 2938 2939
639 2941 2942 2943 2944 2945 2946
640 2948 2949 2950 2951 2952
641 2954 2955 2956 2957 2958
642 2960 2961
643 2963 2964
644 2966 2967 2968 2969
645 2971 2972 2973 2974 2975
646 2977 2978 2979
647 2981 2982 2983 2984 2985 2986
648 2988 2989 2990
649 2992
650 2994 2995 2996 2997
651 2999 3000 3001 3002 3003
652 3005 3006 3007 3008
653 3010 3011 3012 3013
654 3015 3016
655 3018 3019 3020 3021 3022
656 3024 3025
657 3027 3028 3029 3030
658 3032 3033 3034 3035 3036 3037 3038 3039
659 3041 3042 3043 3044 3045
660 3047 3048 3049 3050 3051 3052
661 3054 3055 3056 3057
662 3059 3060 3061
663 3063 3064 3065 3066 3067
664 3069 3070 3071 3072 3073 3074 3075
665 3077 3078 3079 3080 3081
666 3083 3084 3085 3086 3087
667 3089 3090 3091 3092
668 3094 3095 3096
669 3098 3099
670 3101 3102
671 3104 3105 3106
672 3108 3109 3110
673 3112 3113 3114 3115 3116 3117 3118 3119
674 3121 3122
675 3124 3125 3126 3127 3128 3129 3130 3131
676 3133 3134
677 3136 3137 3138 3139 3140
678 3142 3143
679 3145 3146 3147 3148
680 3150 3151 3152 3153
681 3155 3156
682 3158 3159 3160
683 3162 3163 3164
684 3166 3167 3168 3169
685 3171 3172 3173 3174
686 3176 3177 3178 3179 3180 3181
687 3183
688 3185 3186 3187 3188
689 3190 3191 3192 3193 3194 3195
690 3197 3198 3199 3200 3201 3202
691 3204 3205 3206 3207 3208
692 3210
693 3212 3213 3214 3215 3216
694 3218 3219 3220 3221 3222 3223
695 3225 3226 3227 3228 3229
696 3231 3232 3233 3234 3235
697 3237 3238 3239 3240
698 3242 3243 3244 3245 3246
699 3248 3249 3250
700 3252 3253 3254
701 3256 3257 3258
702 3260 3261
703 3263 3264 3265 3266 3267 3268
704 3270 3271 3272
705 3274 3275 3276 3277 3278
706 3280 3281 3282 3283
708 3285 3286 3287 3288
709 3290 3291 3292 3293
710 3295 3296 3297
712 3299 3300 3301
713 3303 3304 3305 3306
714 3308 3309 3310 3311 3312
715 3314 3315 3316 3317 3318 3319 3320
716 3322 3323 3324 3325
717 3327 3328 3329 3330 3331
718 3333 3334 3335 3336
719 3338
720 3340 3341 3342 3343 3344
721 3346 3347 3348 3349
722 3351 3352 3353 3354 3355
723 3357 3358
724 3360 3361 3362
725 3364 3365 3366 3367 3368 3369 3370 3371
726 3373 3374 3375 3376 3377 3378
727 3380 3381 3382 3383 3384
728 3386 3387 3388 3389 3390 3391
729 3393 3394
730 3396 3397 3398 3399 3400 3401
732 3403 3404 3405 3406
733 3408 3409 3410 3411 3412 3413
734 3415 3416 3417 3418 3419
735 3421 3422 3423
736 3425 3426 3427 3428
737 3430
738 3432 3433
739 3435 3436 3437 3438
740 3440 3441 3442 3443 3444
741 3446 3447 3448 3449 3450
742 3452 3453 3454 3455 3456 3457
743 3459 3460 3461
744 3463
745 3465 3466 3467
746 3469 3470 3471 3472 3473
747 3475 3476 3477 3478 3479 3480
748 3482 3483
749 3485 3486 3487 3488 3489
750 3491 3492 3493 3494
751 3496 3497 3498
752 3500 3501 3502 3503
753 3505
754 3507 3508 3509 3510 3511
755 3513 3514 3515 3516
756 3518 3519 3520
757 3522 3523 3524 3525 3526
758 3528 3529 3530
759 3532 3533 3534 3535 3536
760 3538 3539 3540 3541
761 3543 3544 3545
762 3547 3548
763 3550 3551 3552 3553 3554
764 3556 3557 3558
765 3560 3561 3562 3563
766 3565 3566
767 3568 3569
769 3571 3572 3573 3574
770 3576 3577 3578
771 3580 3581 3582
772 3584 3585 3586
773 3588 3589 3590
774 3592 3593 3594 3595 3596 3597 3598 3599
775 3601 3602 3603
776 3605 3606 3607 3608 3609
777 3611 3612 3613 3614 3615
778 3617 3618 3619
779 3621 3622 3623 3624
781 3626 3627 3628
782 3630 3631
783 3633 3634 3635
784 3637 3638 3639
785 3641 3642 3643 3644
786 3646 3647 3648
787 3650 3651 3652 3653 3654
788 3656 3657
789 3659 3660
790 3662 3663 3664 3665 3666 3667
791 3669 3670
792 3672 3673 3674
794 3676 3677 3678 3679 3680 3681
795 3683 3684 3685 3686 3687
796 3689 3690 3691 3692 3693 3694 3695 3696
798 3698 3699 3700
799 3702 3703 3704 3705 3706 3707
800 3709 3710 3711
801 3713 3714 3715 3716
802 3718 3719 3720
803 3722 3723 3724 3725 3726
804 3728
805 3730
806 3732 3733 3734 3735
807 3737 3738 3739 3740 3741
808 3743 3744 3745 3746
809 3748 3749 3750 3751 3752 3753
810 3755 3756 3757
811 3759 3760
812 3762 3763 3764 3765
813 3767
814 3769 3770
815 3772 3773 3774 3775 3776
817 3778 3779 3780
818 3782
819 3784 3785 3786 3787
820 3789 3790 3791
821 3793 3794
822 3796 3797 3798
823 3800
824 3802
825 3804 3805 3806
826 3808 3809 3810 3811 3812 3813
827 3815 3816
828 3818 3819
829 3821 3822
830 3824 3825
831 3827 3828 3829 3830 3831
832 3833 3834 3835
833 3837
834 3839 3840 3841
835 3843 3844 3845 3846
836 3848 3849 3850 3851 3852 3853
837 3855 3856 3857
838 3859 3860 3861
839 3863 3864 3865 3866 3867 3868
840 3870 3871 3872 3873 3874
841 3876 3877 3878
842 3880 3881 3882 3883
843 3885
844 3887 3888 3889 3890 3891 3892
845 3894 3895 3896
847 3898 3899 3900 3901
848 3903 3904 3905 3906 3907
849 3909 3910 3911
850 3913 3914 3915 3916 3917
851 3919 3920 3921
852 3923 3924 3925 3926 3927
853 3929 3930
854 3932 3933 3934 3935 3936 3937 3938 3939
855 3941 3942 3943
856 3945 3946
857 3948 3949
858 3951
859 3953 3954
860 3956 3957 3958 3959
861 3961 3962 3963 3964 3965 3966 3967 3968 3969
862 3971 3972 3973 3974 3975
863 3977 3978
864 3980 3981 3982
865 3984
866 3986 3987 3988 3989 3990
867 3992
868 3994 3995 3996
869 3998 3999
870 4001
871 4003
873 4005 4006 4007 4008 4009 4010 4011 4012 4013
874 4015 4016 4017 4018
875 4020 4021 4022
876 4024
877 4026 4027 4028 4029
878 4031 4032 4033 4034 4035
879 4037 4038 4039 4040 4041 4042
880 4044 4045 4046 4047 4048
881 4050 4051 4052
882 4054 4055 4056 4057 4058 4059
883 4061 4062
884 4064 4065 4066 4067
885 4069 4070 4071 4072
886 4074 4075 4076
887 4078 4079 4080 4081 4082
888 4084
889 4086 4087
890 4089 4090 4091 4092 4093 4094
891 4096 4097 4098 4099 4100
892 4102 4103 4104 4105 4106 4107
893 4109 4110 4111 4112 4113 4114
894 4116 4117 4118
895 4120 4121 4122
896 4124
898 4126 4127 4128
899 4130 4131 4132 4133
900 4135 4136
901 4138 4139 4140 4141 4142 4143 4144 4145
902 4147 4148 4149 4150
903 4152 4153 4154 4155
904 4157 4158 4159
905 4161 4162 4163 4164 4165 4166 4167
906 4169 4170 4171 4172
907 4174 4175 4176
908 4178 4179 4180 4181 4182 4183
909 4185 4186 4187
910 4189 4190 4191 4192 4193
911 4195 4196 4197
912 4199 4200 4201 4202 4203 4204
913 4206 4207 4208 4209
914 4211 4212 4213 4214
915 4216 4217 4218 4219 4220
916 4222
917 4224 4225 4226 4227 4228 4229 4230
918 4232 4233 4234
919 4236 4237 4238 4239
920 4241 4242 4243 4244 4245
921 4247 4248 4249
922 4251 4252 4253
923 4255 4256 4257
924 4259 4260
925 4262 4263 4264 4265 4266
926 4268 4269 4270
927 4272 4273 4274
929 4276 4277 4278
930 4280 4281 4282
932 4284 4285
933 4287
934 4289 4290 4291
935 4293
936 4295 4296 4297 4298 4299
937 4301 4302 4303 4304 4305 4306 4307
938 4309 4310
939 4312 4313 4314
940 4316 4317 4318
941 4320 4321 4322 4323 4324 4325 4326
942 4328 4329 4330 4331 4332
943 4334 4335 4336 4337
944 4339 4340 4341 4342
945 4344 4345 4346
946 4348 4349 4350 4351
947 4353 4354 4355 4356
948 4358
949 4360 4361 4362 4363 4364
950 4366 4367 4368
951 4370 4371
952 4373 4374
953 4376
954 4378 4379 4380
955 4382 4383 4384
956 4386 4387 4388
957 4390
958 4392 4393 4394
959 4396
960 4398 4399 4400 4401 4402 4403
961 4405 4406 4407 4408 4409 4410 4411
962 4413 4414 4415 4416 4417 4418
963 4420 4421 4422
964 4424 4425 4426
965 4428 4429 4430 4431 4432 4433 4434
966 4436 4437 4438
967 4440 4441 4442 4443 4444
968 4446 4447 4448 4449
969 4451 4452
970 4454 4455 4456 4457 4458 4459
971 4461 4462 4463 4464
972 4466 4467 4468
973 4470 4471 4472
974 4474 4475 4476 4477 4478
975 4480
976 4482 4483 4484 4485 4486
977 4488 4489 4490 4491 4492
978 4494
979 4496 4497
980 4499
981 4501 4502 4503 4504 4505
982 4507 4508 4509
983 4511 4512 4513
984 4515 4516 4517 4518 4519 4520
985 4522
986 4524 4525 4526 4527
987 4529 4530 4531 4532 4533 4534 4535 4536
988 4538 4539 4540 4541
989 4543 4544 4545
990 4547 4548 4549 4550 4551
991 4553 4554 4555 4556
992 4558
993 4560 4561
994 4563 4564 4565 4566
995 4568 4569 4570 4571
996 4573 4574 4575 4576
997 4578 4579 4580 4581
998 4583 4584 4585
999 4587
1000 4589 4590 4591 4592 4593 4594
1001 4596 4597 4598
1003 4600 4601 4602
1004 4604 4605 4606 4607 4608
1005 4610 4611 4612
1006 4614 4615 4616 4617
1007 4619 4620 4621 4622
1008 4624 4625 4626 4627 4628 4629 4630
1009 4632
1010 4634 4635 4636 4637 4638
1011 4640 4641 4642
1012 4644 4645 4646 4647
1013 4649 4650 4651 4652 4653
1014 4655 4656 4657 4658 4659 4660
1016 4662 4663 4664
1017 4666 4667 4668 4669
1018 4671 4672 4673 4674 4675 4676
1019 4678 4679 4680 4681 4682
1020 4684 4685 4686 4687 4688 4689 4690 4691 4692
1021 4694
1022 4696 4697 4698 4699 4700
1023 4702 4703
1024 4705
1025 4707 4708 4709 4710 4711
1026 4713 4714
1027 4716 4717 4718 4719 4720 4721 4722 4723
1029 4725 4726
1030 4728 4729 4730 4731
1031 4733 4734 4735
1032 4737 4738 4739 4740 4741 4742 4743
1033 4745 4746 4747 4748 4749 4750
1034 4752 4753 4754 4755
1035 4757 4758 4759
1036 4761 4762
1037 4764 4765 4766 4767
1038 4769 4770 4771 4772
1039 4774 4775
1040 4777 4778
1041 4780 4781 4782 4783 4784 4785 4786 4787
1042 4789 4790 4791 4792 4793
1043 4795 4796 4797 4798 4799
1044 4801 4802 4803 4804 4805
1045 4807 4808 4809 4810
1046 4812 4813 4814
1047 4816 4817
1048 4819 4820 4821
1049 4823 4824 4825 4826
1050 4828 4829 4830 4831 4832
1051 4834 4835 4836 4837 4838 4839 4840 4841
1052 4843 4844 4845
1053 4847 4848
1054 4850
1055 4852 4853 4854 4855
1056 4857
1057 4859 4860 4861
1058 4863 4864
1059 4866 4867 4868 4869
1060 4871 4872
1061 4874 4875 4876
1062 4878 4879 4880
1063 4882 4883 4884
1064 4886 4887 4888
1065 4890 4891 4892
1066 4894 4895 4896 4897 4898
1067 4900 4901 4902 4903 4904
1068 4906 4907 4908 4909 4910 4911
1069 4913 4914 4915 4916
1070 4918 4919 4920 4921
1071 4923
1072 4925 4926
1073 4928 4929 4930 4931
1074 4933 4934 4935 4936
1075 4938 4939
1076 4941 4942 4943 4944 4945
1077 4947 4948 4949 4950 4951
1078 4953
1079 4955 4956 4957 4958 4959
1080 4961 4962
1081 4964 4965 4966
1082 4968 4969 4970 4971
1083 4973 4974 4975 4976
1084 4978 4979 4980 4981
1085 4983 4984 4985 4986
1086 4988 4989 4990
1087 4992 4993 4994 4995 4996 4997
1088 4999 5000 5001
1089 5003 5004
1090 5006 5007 5008
1091 5010 5011
1093 5013 5014 5015 5016
1094 5018 5019 5020
1095 5022 5023 5024
1096 5026 5027 5028 5029 5030
1097 5032 5033 5034 5035
1098 5037 5038 5039
1099 5041 5042 5043 5044 5045 5046 5047 5048 5049
1100 5051
1101 5053
1102 5055 5056 5057 5058
1103 5060 5061 5062
1104 5064 5065 5066 5067 5068
1106 5070 5071 5072 5073
1107 5075
1108 5077 5078 5079 5080
1109 5082 5083
1110 5085 5086 5087
1111 5089 5090 5091
1112 5093 5094
1113 5096 5097
1114 5099 5100 5101 5102
1115 5104 5105 5106
1116 5108 5109 5110
1117 5112 5113 5114 5115 5116
1118 5118 5119 5120 5121 5122
1119 5124 5125
1120 5127 5128 5129
1121 5131 5132
1122 5134
1123 5136
1124 5138 5139
1125 5141 5142 5143 5144
1126 5146 5147 5148 5149
1127 5151 5152 5153
1128 5155 5156
1129 5158 5159 5160 5161 5162
1130 5164 5165 5166
1131 5168 5169
1132 5171 5172
1133 5174 5175 5176 5177 5178
1134 5180 5181 5182 5183 5184
1135 5186 5187 5188
1136 5190
1137 5192 5193
1138 5195 5196 5197 5198 5199
1139 5201 5202 5203 5204 5205 5206 5207
1140 5209 5210 5211 5212 5213 5214
1141 5216 5217
1142 5219 5220
1143 5222 5223 5224 5225 5226
1144 5228 5229
1145 5231 5232 5233
1146 5235 5236 5237 5238 5239 5240
1147 5242
1148 5244 5245
1149 5247 5248 5249 5250 5251 5252
1150 5254 5255
1151 5257 5258
1152 5260 5261
1153 5263 5264
1154 5266 5267 5268
1155 5270 5271 5272 5273
1156 5275
1158 5277 5278 5279
1159 5281 5282 5283 5284 5285
1160 5287 5288
1161 5290 5291
1162 5293 5294 5295 5296 5297
1163 5299 5300 5301
1164 5303 5304
1165 5306 5307 5308
1166 5310 5311 5312 5313 5314
1167 5316
1168 5318 5319 5320 5321
1169 5323 5324 5325
1170 5327 5328 5329
1171 5331 5332 5333
1173 5335 5336 5337 5338
1174 5340 5341 5342 5343
1175 5345 5346 5347 5348 5349 5350 5351 5352
1176 5354
1177 5356
1178 5358 5359
1179 5361 5362
1181 5364 5365 5366
1182 5368 5369
1183 5371 5372 5373
1184 5375 5376 5377 5378 5379
1185 5381 5382 5383 5384 5385 5386
1186 5388 5389 5390 5391
1187 5393
1188 5395 5396 5397 5398 5399 5400
1189 5402 5403 5404 5405 5406 5407
1190 5409 5410 5411
1191 5413 5414
1192 5416 5417
1193 5419 5420 5421 5422
1194 5424 5425 5426
1195 5428 5429 5430 5431 5432 5433
1196 5435 5436 5437 5438 5439 5440
1197 5442 5443 5444
1198 5446 5447 5448 5449 5450
1199 5452 5453 5454 5455 5456
1200 5458 5459
1202 5461
1203 5463 5464
1204 5466
1205 5468 5469 5470 5471 5472 5473 5474 5475 5476
1206 5478
1207 5480 5481
1208 5483 5484
1209 5486 5487 5488 5489 5490
1210 5492 5493
1211 5495 5496 5497
1212 5499
1213 5501 5502 5503 5504
1214 5506 5507 5508
1215 5510 5511 5512
1216 5514 5515 5516 5517 5518
1217 5520 5521 5522 5523 5524 5525
1218 5527 5528 5529 5530
1219 5532 5533
1220 5535
1221 5537 5538
1222 5540
1223 5542 5543 5544
1224 5546 5547 5548
1225 5550 5551 5552 5553 5554 5555
1226 5557
1227 5559 5560 5561 5562 5563 5564 5565 5566
1229 5568 5569 5570 5571 5572 5573
1230 5575
1231 5577 5578 5579 5580 5581 5582
1232 5584 5585 5586 5587
1233 5589 5590 5591 5592 5593
1234 5595 5596 5597 5598
1235 5600 5601 5602 5603
1236 5605 5606 5607 5608
1237 5610 5611 5612 5613
1238 5615 5616
1239 5618
1240 5620 5621 5622 5623 5624 5625 5626
1241 5628 5629
1242 5631 5632 5633 5634
1243 5636
1244 5638 5639 5640 5641 5642 5643 5644
1245 5646 5647 5648 5649
1246 5651 5652 5653
1247 5655 5656
1248 5658
1249 5660 5661 5662 5663 5664
1250 5666 5667 5668 5669 5670
1251 5672
1252 5674 5675 5676 5677 5678
1253 5680 5681 5682 5683
1254 5685 5686 5687
1255 5689 5690 5691 5692
1256 5694 5695 5696
1257 5698 5699 5700 5701 5702
1258 5704
1259 5706
1260 5708
1261 5710 5711
1262 5713 5714
1263 5716 5717 5718 5719 5720
1264 5722 5723 5724 5725 5726
1265 5728 5729 5730
1266 5732
1267 5734 5735 5736 5737
1268 5739 5740 5741
1269 5743 5744 5745 5746
1270 5748
1271 5750 5751
1272 5753 5754
1273 5756 5757
1274 5759 5760 5761 5762 5763 5764
1275 5766 5767 5768
1276 5770 5771 5772
1277 5774 5775 5776 5777 5778
1278 5780 5781 5782 5783 5784
1279 5786 5787 5788
1280 5790 5791 5792
1281 5794
1282 5796 5797 5798 5799 5800 5801 5802 5803
1283 5805
1284 5807 5808 5809
1286 5811 5812 5813 5814 5815 5816
1287 5818 5819 5820 5821 5822 5823
1288 5825 5826
1289 5828 5829 5830
1290 5832 5833 5834 5835
1291 5837 5838
1292 5840 5841
1293 5843
1294 5845 5846 5847
1295 5849 5850 5851 5852
1296 5854 5855 5856
1297 5858 5859
1298 5861 5862 5863 5864 5865 5866
1299 5868 5869
1300 5871 5872 5873 5874 5875
1301 5877 5878 5879 5880
1302 5882 5883
1303 5885 5886 5887 5888 5889
1304 5891 5892
1305 5894 5895 5896 5897 5898
1306 5900 5901 5902
1307 5904 5905 5906 5907 5908 5909 5910 5911 5912
1308 5914 5915 5916 5917 5918
1309 5920 5921 5922 5923 5924
1310 5926 5927 5928
1311 5930 5931
1312 5933 5934
1313 5936
1314 5938 5939 5940 5941
1315 5943
1316 5945 5946 5947 5948
1318 5950 5951 5952
1320 5954 5955 5956
1321 5958 5959
1322 5961 5962
1323 5964 5965 5966 5967 5968
1324 5970 5971 5972 5973 5974 5975
1325 5977 5978
1326 5980 5981 5982 5983 5984
1327 5986 5987 5988 5989 5990 5991
1328 5993 5994 5995 5996 5997
1329 5999 6000 6001 6002
1330 6004 6005 6006
1331 6008
1332 6010 6011 6012 6013 6014 6015
1333 6017 6018 6019 6020
1334 6022 6023 6024 6025 6026
1335 6028 6029
1336 6031 6032 6033 6034
1337 6036 6037
1338 6039 6040 6041 6042 6043 6044
1339 6046 6047
1340 6049 6050 6051 6052 6053
1341 6055
1342 6057 6058 6059 6060 6061 6062
1343 6064 6065
1344 6067
1345 6069 6070
1346 6072 6073
1347 6075
1348 6077 6078 6079 6080 6081
1349 6083 6084 6085
1350 6087 6088
1351 6090 6091
1352 6093 6094 6095 6096 6097
1353 6099 6100 6101
1354 6103 6104 6105 6106 6107
1355 6109
1356 6111 6112
1357 6114
1358 6116 6117 6118 6119 6120
1359 6122 6123 6124 6125
1360 6127
1361 6129 6130 6131 6132 6133 6134
1362 6136 6137
1363 6139
1364 6141 6142
1365 6144 6145 6146 6147
1366 6149 6150
1367 6152 6153 6154 6155
1368 6157 6158 6159 6160 6161 6162
1369 6164 6165
1370 6167 6168 6169 6170 6171
1371 6173 6174
1372 6176 6177 6178 6179 6180 6181
1373 6183
1374 6185 6186 6187 6188 6189
1375 6191 6192 6193 6194 6195 6196
1376 6198 6199 6200 6201
1377 6203 6204 6205 6206
1378 6208 6209 6210 6211 6212 6213 6214
1379 6216 6217 6218
1380 6220 6221 6222 6223
1381 6225 6226 6227 6228 6229
1382 6231 6232
1383 6234 6235
1384 6237 6238 6239 6240
1385 6242 6243
1386 6245 6246 6247 6248
1387 6250 6251 6252
1388 6254
1389 6256 6257 6258
1390 6260 6261 6262 6263 6264 6265
1391 6267 6268 6269 6270
1392 6272 6273
1393 6275 6276 6277 6278 6279
1394 6281
1395 6283
1396 6285 6286 6287 6288 6289
1397 6291 6292 6293
1398 6295
1399 6297 6298 6299 6300
1400 6302 6303 6304 6305 6306 6307
1401 6309 6310 6311
1402 6313 6314 6315
1403 6317 6318 6319 6320
1404 6322
1405 6324 6325
1406 6327 6328 6329 6330 6331
1407 6333 6334 6335 6336
1408 6338
1409 6340 6341 6342 6343
1410 6345 6346 6347
1411 6349 6350 6351 6352
1412 6354 6355 6356 6357 6358
1413 6360 6361 6362 6363
1414 6365 6366
1415 6368
1416 6370 6371
1417 6373 6374 6375
1418 6377 6378 6379 6380 6381
1419 6383 6384 6385 6386 6387
1420 6389 6390
1421 6392 6393 6394 6395 6396
1422 6398 6399 6400 6401 6402
1423 6404 6405
1424 6407 6408 6409
1425 6411 6412 6413 6414 6415 6416
1426 6418 6419 6420 6421 6422
1427 6424 6425 6426
1428 6428 6429 6430 6431
1429 6433 6434 6435
1430 6437 6438 6439
1431 6441 6442 6443 6444 6445 6446
1433 6448
1434 6450 6451 6452 6453 6454
1435 6456 6457 6458
1436 6460 6461
1437 6463 6464
1438 6466 6467 6468 6469 6470 6471
1439 6473 6474 6475
1440 6477 6478 6479 6480
1441 6482 6483 6484 6485 6486
1442 6488 6489
1443 6491 6492 6493
1444 6495 6496
1445 6498 6499 6500 6501
1446 6503 6504 6505 6506 6507 6508
1447 6510 6511
1448 6513 6514 6515
1449 6517 6518 6519 6520 6521 6522 6523
1450 6525 6526 6527 6528 6529
1451 6531 6532 6533
1452 6535 6536 6537
1453 6539 6540 6541
1454 6543 6544
1455 6546 6547 6548 6549
1456 6551 6552 6553 6554
1457 6556 6557 6558 6559 6560 6561 6562
1459 6564 6565 6566 6567
1460 6569 6570 6571
1461 6573 6574 6575 6576 6577 6578
1462 6580 6581 6582
1464 6584
1465 6586 6587 6588 6589 6590 6591
1466 6593 6594 6595 6596
1467 6598 6599 6600 6601
1468 6603
1469 6605 6606 6607
1470 6609 6610 6611 6612
1471 6614 6615 6616 6617 6618 6619 6620 6621
1472 6623 6624 6625 6626
1473 6628 6629 6630 6631 6632
1474 6634 6635 6636 6637 6638
1475 6640 6641 6642
1476 6644 6645 6646 6647 6648
1477 6650 6651 6652 6653 6654 6655
1478 6657 6658 6659
1479 6661 6662 6663
1480 6665 6666
1481 6668 6669 6670
1482 6672 6673
1483 6675 6676 6677 6678 6679 6680
1484 6682 6683 6684 6685
1487 6687 6688 6689 6690 6691
1488 6693 6694
1489 6696 6697 6698 6699 6700 6701
1490 6703 6704
1492 6706 6707 6708 6709 6710
1493 6712 6713 6714 6715 6716
1494 6718 6719
1495 6721
1496 6723 6724 6725
1497 6727 6728 6729
1498 6731
1499 6733 6734
1500 6736 6737
1501 6739
1502 6741 6742 6743 6744 6745 6746
1503 6748 6749
1504 6751 6752 6753 6754 6755 6756 6757 6758 6759
1505 6761 6762 6763
1506 6765 6766 6767
1507 6769 6770 6771 6772 6773
1508 6775
1509 6777
1510 6779
1511 6781 6782 6783 6784 6785 6786
1512 6788 6789 6790 6791
1513 6793 6794
1514 6796
1515 6798 6799 6800 6801
1516 6803
1517 6805 6806 6807
1518 6809 6810
1520 6812
1521 6814 6815 6816 6817
1522 6819
1523 6821 6822 6823 6824
1524 6826
1525 6828 6829
1526 6831 6832
1527 6834
1528 6836
1529 6838 6839 6840
1530 6842 6843 6844
1531 6846 6847 6848 6849 6850
1532 6852 6853 6854 6855
1533 6857 6858 6859
1534 6861 6862
1535 6864
1536 6866 6867
1537 6869 6870 6871
1538 6873 6874 6875
1539 6877 6878
1540 6880 6881 6882 6883 6884
1541 6886 6887
1542 6889 6890 6891 6892
1543 6894 6895
1544 6897 6898
1545 6900 6901 6902 6903
1546 6905 6906 6907
1548 6909 6910 6911 6912
1549 6914 6915
1550 6917 6918 6919 6920 6921 6922 6923
1551 6925 6926 6927 6928 6929 6930
1552 6932 6933 6934 6935 6936 6937
1554 6939 6940 6941
1556 6943 6944
1557 6946 6947
1558 6949 6950
1559 6952
1560 6954 6955 6956
1561 6958 6959 6960 6961
1562 6963 6964 6965 6966 6967 6968
1563 6970
1564 6972 6973 6974 6975
1565 6977 6978 6979 6980 6981
1566 6983 6984 6985
1567 6987 6988 6989
1568 6991 6992 6993 6994
1569 6996 6997 6998 6999
1570 7001 7002 7003 7004
1571 7006 7007
1572 7009 7010 7011 7012 7013
1573 7015 7016 7017 7018 7019 7020
1574 7022 7023 7024
1575 7026 7027
1576 7029 7030 7031 7032
1577 7034 7035
1578 7037 7038 7039 7040 7041
1579 7043 7044 7045 7046
1580 7048 7049 7050
1581 7052 7053 7054 7055 7056
1582 7058
1583 7060
1584 7062 7063
1585 7065 7066 7067 7068 7069
1586 7071
1588 7073 7074 7075
1589 7077 7078 7079
1590 7081 7082 7083 7084
1591 7086
1592 7088 7089 7090 7091
1593 7093 7094
1594 7096 7097 7098
1595 7100 7101 7102
1596 7104
1597 7106 7107 7108
1598 7110
1599 7112 7113 7114
1600 7116 7117 7118
1601 7120 7121 7122
1602 7124 7125 7126 7127 7128
1603 7130 7131 7132 7133 7134
1604 7136 7137
1605 7139
1606 7141 7142
1607 7144
1608 7146 7147 7148 7149
1609 7151 7152 7153 7154
1610 7156 7157 7158 7159
1611 7161 7162
1612 7164 7165 7166 7167
1613 7169
1614 7171 7172 7173
1615 7175 7176 7177 7178 7179 7180 7181 7182 7183
1616 7185 7186 7187 7188
1617 7190
1618 7192 7193
1619 7195 7196
1620 7198 7199 7200 7201 7202 7203 7204
1621 7206 7207
1622 7209 7210 7211 7212 7213 7214
1624 7216 7217 7218 7219 7220
1625 7222 7223 7224
1626 7226 7227 7228
1627 7230 7231 7232 7233 7234 7235
1628 7237 7238
1629 7240 7241
1630 7243 7244
1631 7246 7247 7248 7249 7250
1632 7252 7253 7254 7255 7256
1633 7258 7259
1634 7261 7262
1635 7264 7265 7266 7267
1636 7269 7270
1637 7272 7273 7274 7275 7276
1638 7278
1639 7280 7281
1640 7283
1641 7285 7286 7287 7288 7289 7290
1642 7292 7293
1643 7295 7296
1644 7298 7299
1645 7301 7302
1646 7304 7305
1647 7307 7308 7309
1648 7311 7312 7313
1649 7315 7316
1650 7318
1651 7320 7321 7322
1652 7324
1653 7326 7327 7328
1654 7330 7331 7332 7333 7334 7335
1655 7337 7338
1656 7340 7341
1657 7343 7344 7345 7346
1658 7348 7349 7350 7351 7352
1659 7354 7355
1660 7357 7358
1661 7360 7361
1662 7363 7364 7365
1663 7367 7368
1664 7370 7371
1665 7373 7374 7375 7376
1666 7378
1667 7380 7381 7382 7383 7384 7385
1668 7387 7388
1670 7390 7391
1671 7393 7394 7395 7396
1672 7398 7399 7400 7401
1673 7403 7404
1674 7406 7407 7408 7409 7410 7411
1675 7413 7414 7415
1676 7417 7418 7419 7420 7421
1677 7423
1678 7425 7426 7427 7428 7429
1679 7431
1680 7433 7434 7435 7436 7437
1681 7439 7440
1682 7442 7443 7444 7445
1683 7447 7448 7449 7450 7451 7452
1685 7454 7455
1686 7457 7458 7459 7460 7461
1687 7463 7464 7465 7466
1688 7468 7469 7470 7471
1689 7473 7474
1690 7476
1691 7478 7479 7480 7481
1694 7483 7484 7485 7486
1696 7488 7489 7490 7491 7492 7493 7494 7495
1697 7497
1698 7499 7500 7501 7502
1699 7504 7505 7506
1700 7508
1701 7510
1702 7512 7513 7514
1703 7516 7517 7518
1704 7520 7521 7522
1705 7524 7525 7526 7527 7528 7529
1706 7531 7532
1707 7534 7535 7536
1708 7538
1709 7540 7541
1710 7543 7544
1711 7546 7547 7548
1712 7550 7551
1713 7553
1714 7555 7556 7557
1715 7559 7560 7561 7562 7563 7564 7565
1716 7567 7568 7569
1717 7571 7572 7573
1718 7575
1719 7577 7578 7579 7580
1720 7582 7583 7584 7585 7586 7587 7588 7589 7590
1721 7592 7593 7594 7595
1722 7597 7598 7599
1723 7601 7602
1724 7604 7605 7606 7607 7608 7609 7610
1725 7612 7613 7614 7615
1726 7617 7618 7619
1727 7621 7622
1728 7624 7625
1729 7627 7628 7629 7630
1730 7632 7633
1731 7635 7636
1732 7638 7639 7640
1733 7642 7643 7644
1734 7646 7647 7648 7649 7650 7651 7652 7653
1735 7655 7656
1736 7658 7659
1737 7661 7662 7663 7664 7665
1738 7667 7668 7669 7670 7671 7672 7673 7674
1739 7676 7677 7678 7679
1740 7681 7682 7683
1742 7685
1743 7687 7688 7689 7690
1744 7692 7693 7694 7695 7696
1745 7698 7699 7700 7701
1746 7703
1747 7705 7706 7707 7708 7709 7710
1748 7712 7713 7714 7715
1749 7717 7718
1750 7720
1751 7722 7723 7724
1752 7726 7727 7728 7729
1753 7731 7732 7733 7734 7735 7736
1755 7738 7739 7740 7741
1757 7743 7744 7745 7746 7747
1758 7749
1759 7751 7752 7753
1760 7755
1761 7757 7758 7759
1762 7761
1763 7763 7764
1764 7766 7767 7768
1765 7770 7771 7772 7773 7774 7775 7776
1766 7778 7779 7780
1767 7782 7783 7784 7785 7786
1768 7788 7789 7790 7791 7792 7793 7794
1769 7796 7797 7798 7799 7800 7801
1770 7803 7804 7805
1771 7807 7808 7809
1772 7811
1773 7813 7814 7815
1774 7817 7818 7819
1775 7821 7822
1776 7824
1778 7826 7827 7828
1779 7830 7831 7832
1780 7834 7835 7836 7837 7838
1781 7840 7841 7842
1782 7844 7845 7846 7847 7848 7849 7850 7851 7852
1783 7854 7855 7856 7857
1784 7859
1785 7861 7862 7863
1786 7865 7866
1787 7868 7869 7870 7871
1788 7873 7874 7875
1789 7877
1790 7879
1792 7881 7882 7883
1793 7885 7886 7887
1794 7889 7890 7891 7892
1795 7894 7895 7896 7897
1796 7899 7900
1797 7902 7903 7904 7905 7906 7907
1798 7909 7910 7911 7912 7913
1799 7915 7916 7917 7918
1800 7920 7921 7922 7923
1801 7925 7926
1802 7928 7929
1803 7931 7932
1804 7934 7935 7936
1805 7938 7939 7940 7941
1806 7943 7944 7945 7946
1807 7948 7949 7950
1808 7952 7953 7954 7955 7956 7957
1809 7959 7960 7961 7962 7963 7964
1810 7966 7967 7968 7969 7970 7971
1811 7973 7974 7975 7976 7977 7978
1812 7980
1813 7982 7983
1814 7985 7986
1815 7988
1816 7990 7991
1818 7993
1819 7995 7996 7997 7998 7999 8000
1820 8002 8003 8004
1821 8006 8007 8008 8009
1822 8011
1823 8013 8014
1824 8016 8017 8018
1825 8020 8021 8022 8023 8024 8025 8026
1826 8028
1827 8030 8031 8032 8033 8034 8035 8036 8037
1828 8039 8040
1829 8042 8043 8044 8045 8046 8047 8048
1830 8050 8051 8052 8053
1831 8055 8056 8057 8058
1832 8060 8061 8062 8063
1833 8065 8066 8067 8068 8069
1834 8071
1835 8073 8074 8075 8076 8077 8078 8079
1836 8081 8082 8083 8084
1837 8086 8087 8088 8089
1838 8091 8092 8093 8094 8095
1839 8097 8098 8099
1840 8101 8102
1841 8104 8105 8106 8107 8108
1842 8110 8111
1843 8113 8114
1844 8116 8117 8118
1845 8120 8121 8122 8123
1846 8125 8126 8127 8128 8129
1847 8131 8132 8133
1848 8135
1849 8137 8138 8139 8140 8141 8142
1850 8144 8145 8146
1851 8148 8149
1852 8151 8152 8153 8154 8155
1853 8157 8158 8159 8160 8161
1854 8163 8164
1855 8166 8167 8168 8169 8170
1856 8172
1857 8174
1858 8176 8177 8178
1859 8180
1860 8182 8183 8184 8185 8186
1861 8188 8189 8190 8191 8192
1863 8194 8195 8196 8197
1865 8199
1866 8201 8202 8203 8204
1867 8206 8207 8208
1868 8210 8211
1869 8213 8214
1870 8216 8217 8218 8219
1871 8221 8222 8223 8224
1872 8226 8227 8228 8229 8230
1873 8232 8233 8234
1874 8236
1875 8238 8239 8240 8241
1876 8243 8244 8245
1877 8247 8248 8249 8250 8251
1878 8253
1879 8255 8256 8257 8258 8259 8260 8261
1880 8263 8264 8265 8266 8267
1881 8269 8270
1883 8272
1884 8274 8275 8276
1885 8278 8279 8280 8281
1886 8283 8284 8285
1887 8287 8288 8289
1888 8291 8292
1889 8294 8295 8296
1890 8298 8299 8300 8301 8302
1891 8304 8305 8306 8307 8308 8309
1892 8311 8312 8313 8314 8315
1893 8317 8318
1894 8320 8321 8322 8323 8324 8325 8326 8327
1895 8329 8330 8331 8332 8333 8334
1896 8336 8337
1897 8339 8340 8341
1898 8343 8344 8345
1899 8347 8348 8349 8350 8351 8352 8353 8354
1900 8356 8357 8358
1901 8360 8361 8362
1902 8364
1903 8366 8367
1904 8369 8370 8371 8372
1905 8374
1906 8376
1907 8378
1908 8380
1909 8382 8383 8384 8385 8386
1910 8388
1911 8390 8391
1912 8393 8394 8395 8396 8397
1913 8399 8400 8401 8402 8403 8404
1914 8406 8407 8408 8409 8410 8411
1916 8413 8414 8415 8416 8417
1917 8419 8420 8421
1918 8423 8424
1919 8426 8427
1920 8429 8430 8431
1922 8433 8434 8435 8436 8437
1923 8439 8440
1924 8442 8443
1925 8445 8446 8447
1926 8449 8450
1927 8452 8453 8454 8455 8456
1928 8458
1929 8460 8461
1930 8463 8464 8465 8466
1931 8468 8469 8470
1932 8472 8473 8474 8475
1933 8477
1935 8479 8480 8481 8482 8483
1936 8485 8486 8487 8488 8489 8490 8491
1937 8493 8494 8495 8496 8497 8498
1938 8500 8501 8502
1939 8504 8505 8506 8507 8508
1940 8510 8511
1941 8513 8514 8515 8516
1942 8518 8519 8520 8521 8522 8523
1943 8525 8526 8527 8528 8529 8530
1944 8532
1945 8534 8535 8536 8537
1946 8539 8540 8541 8542
1947 8544
1949 8546
1950 8548
1951 8550 8551
1952 8553 8554 8555
1953 8557 8558
1954 8560
1955 8562 8563 8564
1956 8566 8567 8568
1957 8570 8571 8572 8573
1958 8575
1959 8577 8578
1960 8580 8581 8582 8583
1961 8585 8586 8587 8588 8589
1962 8591 8592 8593 8594 8595
1963 8597 8598 8599 8600 8601
1964 8603 8604
1965 8606 8607 8608 8609 8610 8611 8612 8613
1966 8615 8616
1967 8618
1968 8620 8621 8622 8623 8624 8625 8626
1969 8628 8629 8630 8631
1970 8633 8634 8635
1971 8637
1973 8639 8640
1974 8642 8643 8644
1975 8646 8647 8648
1976 8650 8651
1977 8653 8654 8655 8656 8657
1978 8659 8660 8661
1979 8663 8664
1980 8666 8667 8668 8669 8670 8671
1981 8673 8674 8675 8676
1982 8678 8679
1983 8681 8682 8683 8684 8685 8686
1984 8688 8689
1985 8691 8692
1986 8694 8695 8696 8697 8698
1987 8700
1988 8702 8703 8704
1989 8706 8707 8708
1990 8710 8711 8712 8713
1991 8715 8716 8717 8718
1992 8720
1993 8722
1994 8724
1995 8726 8727
1996 8729 8730 8731 8732
1997 8734
1998 8736
1999 8738 8739 8740
2000 8742
2001 8744 8745 8746
2002 8748 8749 8750 8751 8752 8753
2003 8755 8756
2004 8758 8759 8760 8761
2005 8763 8764 8765 8766
2006 8768 8769
2007 8771 8772 8773 8774 8775
2008 8777 8778 8779 8780 8781
2009 8783 8784
2010 8786
2011 8788 8789 8790 8791
2012 8793
2013 8795 8796
2014 8798 8799
2016 8801 8802
2017 8804 8805 8806
2019 8808 8809 8810 8811
2020 8813 8814 8815 8816 8817 8818 8819
2021 8821
2022 8823 8824
2023 8826 8827 8828 8829 8830 8831
2024 8833 8834 8835
2025 8837 8838 8839 8840
2026 8842 8843 8844
2028 8846
2029 8848 8849 8850 8851 8852 8853
2030 8855 8856 8857 8858
2031 8860 8861 8862 8863
2032 8865 8866 8867
2033 8869 8870
2034 8872 8873 8874
2035 8876
2036 8878 8879 8880
2037 8882 8883 8884
2038 8886 8887 8888 8889
2039 8891 8892 8893
2040 8895
2041 8897 8898 8899
2042 8901 8902 8903 8904
2043 8906 8907
2045 8909 8910 8911 8912 8913
2046 8915 8916
2047 8918 8919 8920 8921 8922
2048 8924 8925 8926 8927 8928
2049 8930 8931 8932 8933 8934 8935 8936
2050 8938 8939
2051 8941 8942 8943 8944 8945
2052 8947 8948 8949
2053 8951 8952 8953
2054 8955 8956
2055 8958 8959 8960
2056 8962 8963 8964 8965
2057 8967 8968 8969 8970
2058 8972 8973
2059 8975
2060 8977
2061 8979 8980
2062 8982 8983
2063 8985 8986
2064 8988 8989 8990 8991 8992
2065 8994
2066 8996 8997 8998 8999 9000 9001
2067 9003 9004
2068 9006
2069 9008 9009
2070 9011 9012 9013 9014
2071 9016 9017 9018
2072 9020 9021
2073 9023 9024 9025
2074 9027 9028
2075 9030 9031 9032 9033
2076 9035 9036
2077 9038 9039 9040 9041 9042 9043
2078 9045 9046 9047
2079 9049 9050 9051
2080 9053 9054 9055 9056
2081 9058 9059 9060 9061
2082 9063 9064 9065
2083 9067 9068 9069 9070 9071
2084 9073 9074 9075 9076
2085 9078 9079
2086 9081 9082 9083 9084 9085
2087 9087 9088 9089
2088 9091 9092 9093 9094 9095
2089 9097 9098 9099 9100 9101 9102
2090 9104 9105 9106 9107 9108
2091 9110 9111 9112 9113
2092 9115 9116
2093 9118 9119
2094 9121 9122 9123
2095 9125 9126
2096 9128 9129 9130
2097 9132 9133 9134 9135 9136 9137
2098 9139
2099 9141 9142
2101 9144 9145 9146 9147
2102 9149 9150 9151
2103 9153 9154 9155 9156
2104 9158 9159 9160 9161
2105 9163 9164 9165 9166
2106 9168 9169 9170
2107 9172 9173 9174 9175
2108 9177 9178 9179 9180 9181
2109 9183 9184
2110 9186
2111 9188 9189
2112 9191 9192 9193
2113 9195 9196 9197
2115 9199 9200 9201 9202
2116 9204
2117 9206 9207 9208 9209
2118 9211
2119 9213 9214
2120 9216 9217 9218 9219 9220 9221 9222
2121 9224 9225
2122 9227
2123 9229 9230 9231 9232 9233 9234
2124 9236 9237
2125 9239 9240 9241
2126 9243 9244 9245
2127 9247 9248 9249 9250
2128 9252 9253
2129 9255 9256
2130 9258 9259 9260 9261
2131 9263
2132 9265 9266 9267
2134 9269 9270 9271
2135 9273
2136 9275 9276
2137 9278 9279 9280
2138 9282 9283
2139 9285
2140 9287
2141 9289 9290
2143 9292 9293
2144 9295
2145 9297 9298
2146 9300
2147 9302 9303 9304 9305
2148 9307 9308 9309 9310
2149 9312 9313
2150 9315 9316 9317 9318 9319
2151 9321 9322 9323 9324
2152 9326 9327 9328 9329
2153 9331 9332 9333 9334
2154 9336 9337 9338 9339
2155 9341 9342
2156 9344 9345 9346
2157 9348 9349 9350 9351 9352
2158 9354 9355 9356 9357
2159 9359 9360
2160 9362 9363 9364 9365
2161 9367 9368 9369
2162 9371 9372
2163 9374 9375 9376 9377 9378
2164 9380
2165 9382 9383 9384 9385 9386 9387 9388 9389
2166 9391
2168 9393 9394 9395 9396
2169 9398 9399 9400 9401 9402
2170 9404 9405 9406
2171 9408 9409
2172 9411 9412
2173 9414 9415 9416
2174 9418 9419
2175 9421 9422 9423
2176 9425 9426
2177 9428 9429 9430 9431
2178 9433 9434 9435 9436 9437 9438
2179 9440 9441 9442
2180 9444
2181 9446 9447 9448
2182 9450 9451 9452 9453
2183 9455 9456
2184 9458 9459 9460 9461
2185 9463
2186 9465
2187 9467
2188 9469 9470 9471 9472
2189 9474 9475 9476 9477 9478
2191 9480
2192 9482 9483 9484 9485 9486
2193 9488 9489 9490 9491
2194 9493 9494 9495 9496 9497
2195 9499 9500
2196 9502 9503 9504 9505 9506 9507
2197 9509 9510 9511
2198 9513 9514 9515
2199 9517 9518
2200 9520 9521
2201 9523
2202 9525 9526 9527
2204 9529 9530 9531 9532 9533 9534 9535
2205 9537 9538 9539 9540 9541
2207 9543 9544 9545
2208 9547 9548 9549
2209 9551 9552 9553 9554
2210 9556 9557 9558
2211 9560 9561
2212 9563 9564 9565 9566
2213 9568 9569 9570 9571
2214 9573 9574 9575
2215 9577 9578 9579 9580 9581 9582 9583 9584
2216 9586 9587 9588 9589
2217 9591 9592 9593 9594 9595 9596
2218 9598 9599 9600
2219 9602 9603 9604 9605
2220 9607 9608
2221 9610 9611
2222 9613 9614 9615
2223 9617
2224 9619 9620 9621 9622 9623 9624 9625 9626
2225 9628 9629 9630
2226 9632 9633 9634 9635
2227 9637 9638 9639
2228 9641 9642 9643
2229 9645 9646 9647 9648
2230 9650 9651 9652 9653
2231 9655 9656
2232 9658 9659 9660 9661
2233 9663 9664 9665 9666 9667 9668
2234 9670 9671
2235 9673 9674 9675 9676 9677
2237 9679 9680 9681 9682 9683 9684
2238 9686 9687 9688 9689
2239 9691 9692
2240 9694 9695 9696 9697 9698
2241 9700 9701 9702 9703 9704
2242 9706 9707 9708 9709
2243 9711
2244 9713 9714 9715 9716 9717 9718 9719 9720
2245 9722 9723
2246 9725 9726 9727 9728 9729
2247 9731 9732 9733
2248 9735 9736 9737
2249 9739 9740
2250 9742 9743 9744 9745
2251 9747 9748 9749 9750 9751 9752
2253 9754 9755 9756
2254 9758 9759
2255 9761 9762
2256 9764 9765
2257 9767
2258 9769 9770
2259 9772 9773 9774 9775
2260 9777 9778 9779 9780 9781 9782 9783
2261 9785 9786 9787 9788
2262 9790 9791 9792 9793 9794
2263 9796 9797 9798 9799
2264 9801 9802 9803 9804 9805
2265 9807
2267 9809 9810 9811 9812
2268 9814 9815
2270 9817
2271 9819 9820 9821 9822
2272 9824 9825 9826
2273 9828 9829 9830 9831 9832
2274 9834 9835 9836
2275 9838 9839 9840
2276 9842 9843
2277 9845 9846
2278 9848 9849 9850 9851
2279 9853 9854 9855
2280 9857 9858 9859
2281 9861 9862 9863 9864 9865
2282 9867 9868 9869
2283 9871 9872
2284 9874 9875 9876 9877
2285 9879 9880
2286 9882
2287 9884 9885 9886 9887 9888 9889 9890
2288 9892 9893 9894 9895
2289 9897 9898 9899
2290 9901
2291 9903
2292 9905 9906 9907 9908
2294 9910 9911 9912 9913 9914
2295 9916 9917 9918
2296 9920 9921
2297 9923 9924 9925 9926
2298 9928 9929
2299 9931 9932 9933 9934 9935 9936 9937 9938
2300 9940 9941 9942
2301 9944
2302 9946 9947
2303 9949 9950 9951 9952
2304 9954
2305 9956
2306 9958 9959
2307 9961 9962
2308 9964
2309 9966 9967 9968
2310 9970 9971 9972 9973 9974 9975
2311 9977 9978 9979
2312 9981
2313 9983 9984 9985
2314 9987 9988
2315 9990 9991 9992 9993
2316 9995 9996 9997 9998
2317 10000
2318 10002 10003
2319 10005
2320 10007 10008 10009 10010 10011 10012 10013 10014
2321 10016 10017 10018 10019 10020
2322 10022 10023 10024
2324 10026
2325 10028 10029
2326 10031
2327 10033 10034 10035 10036
2328 10038 10039 10040 10041
2329 10043 10044 10045
2330 10047 10048
2331 10050 10051 10052
2332 10054 10055 10056
2333 10058 10059 10060 10061
2334 10063 10064 10065 10066 10067
2335 10069 10070
2337 10072
2339 10074 10075 10076 10077 10078 10079
2340 10081 10082 10083 10084 10085
2341 10087 10088
2342 10090 10091 10092
2343 10094
2344 10096 10097
2345 10099 10100
2346 10102 10103 10104 10105 10106 10107 10108
2348 10110
2349 10112 10113 10114 10115 10116
2350 10118 10119 10120 10121
2351 10123 10124 10125 10126 10127
2352 10129
2353 10131 10132 10133
2354 10135 10136 10137 10138
2355 10140 10141 10142
2356 10144 10145 10146 10147
2357 10149 10150 10151
2358 10153 10154 10155
2359 10157 10158 10159
2360 10161 10162 10163 10164 10165
2361 10167 10168
2362 10170
2363 10172
2364 10174
2365 10176 10177
2366 10179 10180
2367 10182
2368 10184 10185 10186 10187
2369 10189 10190 10191
2370 10193
2371 10195 10196 10197
2372 10199 10200
2373 10202 10203 10204
2375 10206 10207
2376 10209 10210 10211 10212
2377 10214 10215 10216
2378 10218 10219 10220 10221
2379 10223 10224
2380 10226 10227
2381 10229 10230
2383 10232
2384 10234 10235 10236
2385 10238 10239 10240
2386 10242 10243 10244 10245
2387 10247 10248 10249 10250
2388 10252 10253 10254 10255 10256
2389 10258
2390 10260 10261 10262
2391 10264 10265
2392 10267 10268 10269 10270
2393 10272 10273
2394 10275 10276 10277 10278
2395 10280 10281
2397 10283
2398 10285 10286 10287
2399 10289 10290 10291 10292
2400 10294 10295 10296 10297
2401 10299 10300 10301 10302 10303
2402 10305 10306 10307 10308
2403 10310
2404 10312
2405 10314 10315
2406 10317 10318 10319
2407 10321 10322 10323 10324 10325
2408 10327 10328 10329 10330
2409 10332 10333 10334
2410 10336 10337 10338 10339 10340
2411 10342 10343 10344
2412 10346 10347 10348 10349 10350 10351
2413 10353 10354 10355 10356
2414 10358
2415 10360
2416 10362 10363 10364 10365 10366
2417 10368
2418 10370 10371 10372 10373 10374 10375 10376
2419 10378 10379 10380 10381
2420 10383 10384 10385 10386
2421 10388 10389 10390 10391 10392 10393 10394
2422 10396
2423 10398 10399 10400
2424 10402 10403 10404
2425 10406 10407 10408 10409 10410
2426 10412
2427 10414 10415 10416 10417
2428 10419 10420 10421 10422 10423
2429 10425 10426 10427
2430 10429
2431 10431
2432 10433 10434 10435 10436 10437
2433 10439 10440 10441
2434 10443 10444 10445
2435 10447 10448 10449
2437 10451 10452 10453
2438 10455 10456 10457
2439 10459 10460
2440 10462 10463
2441 10465 10466 10467
2442 10469
2443 10471 10472 10473
2444 10475 10476
2445 10478
2446 10480 10481
2448 10483 10484
2450 10486 10487
2451 10489 10490
2452 10492
2454 10494 10495
2455 10497 10498
2456 10500 10501
2457 10503 10504 10505 10506 10507
2458 10509 10510
2459 10512 10513 10514 10515
2460 10517 10518 10519 10520
2461 10522 10523 10524 10525
2462 10527 10528 10529
2463 10531 10532
2464 10534 10535 10536 10537
2465 10539 10540 10541 10542
2466 10544 10545
2468 10547 10548
2469 10550 10551 10552
2470 10554 10555 10556
2471 10558 10559 10560
2472 10562 10563 10564 10565
2473 10567 10568 10569
2474 10571 10572 10573 10574 10575
2475 10577 10578 10579 10580 10581
2476 10583 10584
2477 10586 10587 10588
2478 10590
2479 10592
2480 10594 10595
2481 10597 10598
2482 10600
2483 10602
2484 10604 10605 10606 10607
2485 10609
2486 10611
2487 10613 10614
2488 10616 10617 10618 10619
2489 10621 10622
2490 10624
2491 10626 10627 10628 10629 10630
2492 10632 10633
2493 10635 10636 10637
2494 10639 10640 10641 10642
2495 10644 10645
2496 10647
2497 10649 10650 10651 10652 10653
2498 10655 10656
2499 10658 10659
2500 10661 10662
2501 10664 10665 10666 10667 10668
2502 10670 10671 10672
2503 10674 10675
2504 10677 10678 10679
2505 10681 10682 10683 10684 10685 10686
2506 10688 10689
2507 10691 10692
2508 10694 10695 10696
2509 10698 10699 10700 10701 10702 10703 10704
2510 10706 10707
2511 10709 10710 10711 10712 10713 10714
2512 10716 10717
2513 10719 10720
2514 10722 10723 10724 10725
2515 10727 10728 10729 10730 10731
2516 10733 10734
2517 10736 10737 10738 10739
2518 10741
2519 10743 10744 10745 10746 10747
2520 10749
2521 10751 10752
2522 10754 10755
2523 10757 10758
2524 10760
2525 10762
2526 10764 10765 10766 10767
2527 10769 10770 10771
2528 10773
2529 10775 10776
2530 10778 10779 10780
2531 10782 10783
2532 10785
2533 10787 10788 10789 10790
2535 10792 10793 10794 10795
2536 10797 10798 10799 10800
2537 10802 10803 10804
2538 10806 10807 10808 10809
2539 10811 10812
2540 10814 10815
2541 10817 10818 10819
2542 10821
2543 10823 10824 10825 10826 10827
2544 10829 10830 10831 10832 10833 10834 10835 10836
2545 10838 10839 10840 10841
2546 10843 10844
2547 10846 10847
2548 10849 10850
2549 10852 10853 10854
2550 10856 10857 10858
2551 10860 10861
2552 10863 10864
2553 10866 10867
2554 10869 10870 10871
2555 10873 10874
2557 10876 10877 10878
2558 10880 10881 10882 10883
2559 10885 10886 10887
2560 10889 10890 10891 10892
2561 10894 10895
2562 10897 10898 10899
2564 10901
2565 10903 10904 10905 10906
2566 10908 10909 10910 10911
2567 10913 10914
2568 10916 10917
2569 10919 10920 10921 10922
2570 10924
2571 10926 10927 10928
2572 10930 10931 10932 10933 10934 10935
2573 10937 10938 10939
2574 10941
2575 10943 10944 10945
2576 10947 10948
2577 10950 10951 10952
2578 10954 10955 10956 10957 10958 10959 10960 10961
2579 10963 10964
2580 10966 10967 10968
2581 10970 10971 10972
2582 10974 10975
2583 10977 10978 10979 10980
2584 10982 10983 10984 10985
2585 10987 10988 10989 10990 10991 10992
2586 10994 10995 10996 10997 10998 10999
2587 11001 11002 11003
2588 11005 11006 11007
2589 11009 11010 11011
2590 11013
2592 11015 11016
2593 11018 11019
2594 11021 11022 11023 11024 11025 11026
2595 11028
2596 11030 11031 11032 11033 11034 11035
2597 11037 11038 11039
2598 11041 11042 11043 11044
2599 11046 11047 11048
2600 11050 11051 11052 11053
2601 11055
2602 11057 11058
2603 11060 11061 11062
2604 11064
2605 11066
2606 11068
2607 11070
2608 11072 11073 11074
2609 11076 11077 11078
2610 11080 11081
2611 11083 11084 11085
2612 11087 11088
2613 11090 11091 11092
2614 11094 11095 11096 11097 11098 11099
2615 11101 11102 11103
2616 11105 11106 11107 11108
2617 11110 11111
2618 11113 11114
2619 11116 11117
2620 11119
2621 11121 11122
2622 11124
2623 11126 11127 11128 11129
2624 11131 11132 11133 11134 11135 11136
2625 11138 11139 11140
2626 11142 11143 11144 11145 11146
2627 11148 11149 11150 11151 11152
2628 11154 11155
2629 11157 11158 11159
2630 11161
2631 11163 11164
2632 11166 11167 11168
2633 11170 11171 11172 11173
2634 11175 11176 11177
2635 11179
2636 11181 11182
2637 11184 11185 11186 11187 11188
2638 11190 11191
2639 11193 11194 11195 11196 11197 11198
2640 11200 11201 11202
2641 11204 11205 11206 11207 11208
2642 11210 11211 11212
2643 11214 11215 11216
2644 11218
2645 11220 11221
2646 11223 11224
2647 11226 11227 11228 11229 11230
2648 11232
2649 11234 11235 11236 11237
2650 11239
2651 11241
2652 11243 11244 11245 11246
2653 11248 11249 11250 11251 11252
2654 11254 11255 11256 11257 11258
2655 11260 11261 11262
2656 11264
2657 11266 11267
2658 11269 11270 11271
2659 11273 11274
2660 11276 11277 11278
2661 11280 11281 11282
2663 11284 11285
2664 11287 11288 11289
2665 11291 11292 11293 11294 11295 11296
2666 11298 11299 11300 11301 11302 11303 11304
2667 11306 11307
2668 11309 11310
2669 11312
2670 11314 11315 11316 11317
2671 11319 11320 11321
2672 11323 11324
2673 11326 11327 11328 11329
2674 11331
2675 11333 11334 11335 11336
2676 11338 11339 11340 11341
2677 11343 11344 11345 11346 11347
2678 11349
2679 11351 11352 11353 11354 11355
2680 11357
2683 11359
2684 11361 11362
2685 11364
2686 11366 11367 11368
2687 11370
2689 11372
2690 11374 11375
2691 11377 11378 11379
2692 11381
2693 11383
2694 11385 11386 11387 11388 11389
2695 11391 11392 11393
2696 11395 11396 11397
2698 11399 11400 11401 11402
2699 11404 11405 11406
2700 11408 11409
2701 11411 11412
2702 11414
2703 11416
2704 11418 11419 11420 11421 11422 11423 11424 11425 11426
2705 11428 11429 11430 11431
2706 11433 11434
2707 11436
2708 11438 11439 11440
2709 11442 11443
2710 11445 11446 11447
2711 11449
2712 11451 11452
2713 11454 11455
2714 11457 11458 11459 11460
2715 11462 11463 11464 11465
2716 11467 11468 11469 11470 11471
2717 11473 11474 11475
2718 11477 11478 11479 11480
2719 11482 11483
2720 11485 11486 11487
2721 11489 11490 11491
2722 11493 11494 11495 11496
2723 11498
2724 11500 11501
2725 11503
2726 11505 11506
2727 11508 11509
2728 11511
2729 11513 11514 11515 11516 11517
2730 11519 11520 11521
2731 11523 11524 11525 11526 11527 11528
2732 11530 11531 11532
2734 11534 11535 11536 11537
2735 11539 11540 11541 11542 11543
2736 11545 11546 11547
2737 11549 11550
2738 11552
2739 11554 11555
2740 11557 11558 11559 11560 11561 11562
2741 11564 11565
2742 11567 11568 11569 11570 11571 11572 11573 11574 11575
2743 11577 11578
2744 11580 11581 11582
2745 11584
2746 11586 11587
2747 11589 11590
2748 11592 11593
2749 11595
2750 11597 11598
2751 11600
2752 11602 11603 11604 11605
2753 11607 11608 11609
2754 11611 11612
2755 11614 11615 11616
2756 11618 11619 11620 11621
2757 11623
2758 11625
2759 11627 11628
2760 11630 11631
2761 11633 11634 11635
2762 11637 11638 11639 11640 11641
2763 11643 11644
2764 11646
2765 11648
2766 11650 11651
2767 11653 11654
2768 11656 11657 11658 11659 11660
2769 11662 11663
2770 11665 11666
2771 11668 11669 11670 11671 11672
2772 11674 11675
2773 11677
2774 11679
2776 11681 11682 11683 11684
2777 11686 11687 11688 11689
2778 11691 11692
2779 11694 11695 11696 11697
2780 11699 11700
2781 11702 11703 11704 11705
2782 11707 11708
2783 11710 11711
2784 11713 11714 11715 11716 11717
2785 11719 11720 11721
2786 11723 11724
2787 11726 11727 11728
2788 11730 11731 11732 11733
2789 11735 11736 11737 11738 11739
2790 11741 11742 11743 11744 11745
2791 11747 11748 11749
2792 11751 11752
2793 11754
2794 11756 11757
2795 11759 11760 11761 11762
2796 11764 11765 11766
2797 11768 11769 11770 11771
2798 11773
2799 11775 11776 11777
2800 11779
2801 11781 11782 11783 11784
2803 11786 11787 11788 11789
2804 11791 11792 11793 11794 11795 11796
2805 11798 11799
2806 11801 11802 11803
2807 11805 11806 11807 11808 11809
2808 11811 11812
2809 11814 11815 11816 11817 11818
2810 11820
2811 11822 11823 11824
2812 11826 11827
2813 11829 11830 11831 11832
2814 11834 11835 11836
2815 11838 11839 11840
2816 11842 11843 11844
2817 11846
2818 11848 11849 11850
2819 11852 11853
2820 11855 11856 11857
2822 11859 11860 11861 11862 11863
2823 11865 11866 11867 11868 11869
2824 11871
2825 11873 11874 11875
2826 11877
2827 11879
2828 11881 11882 11883 11884 11885 11886
2829 11888 11889 11890 11891
2830 11893 11894 11895
2831 11897 11898 11899
2832 11901 11902
2833 11904 11905
2835 11907
2836 11909 11910
2837 11912
2838 11914 11915
2839 11917
2840 11919 11920 11921 11922 11923 11924
2841 11926 11927 11928
2842 11930 11931
2843 11933 11934
2844 11936 11937 11938 11939 11940
2845 11942 11943 11944 11945 11946
2847 11948 11949
2848 11951 11952
2849 11954 11955
2851 11957 11958 11959
2852 11961
2853 11963 11964 11965
2854 11967 11968 11969 11970 11971 11972 11973
2855 11975 11976 11977 11978 11979 11980
2856 11982
2857 11984 11985
2858 11987 11988 11989
2859 11991
2861 11993 11994 11995 11996 11997
2862 11999 12000 12001
2863 12003 12004 12005 12006
2864 12008 12009 12010 12011
2865 12013 12014 12015
2866 12017
2867 12019
2868 12021 12022
2869 12024
2870 12026 12027 12028 12029 12030 12031
2872 12033 12034
2873 12036 12037 12038 12039
2874 12041
2875 12043 12044 12045
2876 12047 12048 12049 12050
2877 12052 12053 12054 12055 12056 12057
2878 12059 12060
2879 12062 12063 12064 12065 12066 12067
2880 12069
2881 12071 12072
2882 12074 12075
2883 12077 12078 12079
2884 12081 12082 12083 12084
2885 12086
2886 12088 12089
2887 12091 12092 12093
2888 12095 12096
2889 12098 12099 12100
2890 12102 12103 12104
2891 12106
2892 12108 12109
2893 12111 12112 12113
2894 12115 12116
2895 12118 12119 12120
2896 12122 12123
2897 12125 12126
2898 12128 12129 12130
2899 12132
2900 12134 12135 12136 12137 12138
2901 12140 12141
2902 12143
2903 12145 12146
2904 12148 12149 12150 12151
2906 12153
2907 12155 12156
2908 12158
2909 12160
2910 12162 12163 12164
2911 12166 12167
2912 12169 12170 12171 12172
2913 12174 12175 12176 12177
2914 12179 12180 12181 12182 12183
2915 12185 12186 12187
2916 12189
2917 12191 12192 12193 12194 12195
2918 12197
2919 12199 12200 12201
2921 12203 12204 12205 12206 12207 12208
2922 12210
2923 12212 12213 12214
2924 12216 12217 12218 12219
2925 12221
2926 12223 12224 12225
2928 12227 12228 12229 12230
2929 12232 12233 12234 12235 12236
2930 12238 12239 12240
2931 12242
2932 12244 12245 12246
2933 12248 12249 12250
2934 12252 12253 12254
2935 12256 12257
2936 12259
2937 12261 12262 12263 12264
2939 12266 12267 12268
2941 12270 12271
2942 12273
2943 12275 12276 12277
2944 12279 12280 12281
2945 12283 12284
2946 12286 12287
2947 12289 12290 12291
2948 12293 12294
2949 12296 12297 12298 12299
2950 12301 12302 12303 12304 12305 12306
2952 12308 12309
2953 12311 12312
2954 12314
2955 12316 12317 12318 12319
2957 12321 12322 12323
2958 12325
2959 12327 12328 12329
2960 12331 12332 12333
2961 12335
2962 12337 12338 12339 12340 12341 12342
2963 12344 12345
2964 12347 12348
2965 12350 12351
2966 12353
2967 12355
2968 12357 12358 12359
2969 12361
2970 12363 12364
2971 12366 12367 12368
2972 12370 12371 12372 12373 12374
2973 12376
2975 12378 12379 12380 12381
2976 12383
2977 12385 12386 12387
2978 12389 12390 12391
2979 12393 12394 12395
2980 12397
2981 12399
2982 12401 12402 12403 12404 12405
2983 12407 12408
2984 12410 12411
2985 12413 12414
2986 12416
2987 12418 12419
2988 12421 12422 12423 12424 12425 12426
2989 12428 12429
2991 12431
2992 12433 12434
2993 12436 12437 12438 12439 12440
2994 12442
2995 12444 12445 12446
2996 12448 12449
2999 12451 12452 12453
3001 12455 12456 12457
3002 12459 12460
3003 12462 12463 12464
3004 12466 12467 12468
3006 12470
3008 12472 12473 12474
3009 12476
3010 12478
3011 12480
3012 12482
3013 12484 12485 12486
3014 12488 12489
3015 12491 12492 12493 12494
3016 12496
3017 12498
3018 12500
3020 12502
3021 12504 12505 12506 12507
3022 12509 12510
3023 12512 12513 12514 12515 12516 12517
3024 12519 12520 12521
3025 12523 12524 12525
3026 12527 12528 12529 12530 12531
3027 12533 12534
3028 12536 12537
3030 12539
3032 12541
3033 12543 12544 12545
3034 12547 12548 12549
3035 12551
3037 12553
3038 12555 12556
3039 12558 12559 12560 12561 12562 12563
3040 12565 12566 12567 12568 12569 12570 12571
3041 12573 12574
3042 12576 12577 12578 12579
3043 12581 12582 12583 12584 12585 12586 12587
3045 12589 12590
3047 12592 12593 12594
3048 12596
3049 12598
3050 12600 12601 12602
3052 12604 12605
3053 12607 12608
3054 12610 12611
3055 12613
3056 12615 12616
3057 12618 12619 12620
3058 12622
3059 12624 12625
3061 12627
3062 12629 12630 12631 12632 12633
3063 12635 12636 12637 12638
3064 12640 12641 12642
3065 12644
3066 12646 12647
3067 12649 12650
3068 12652 12653
3069 12655 12656
3070 12658 12659 12660
3071 12662 12663 12664
3072 12666 12667
3073 12669 12670
3074 12672
3075 12674 12675
3076 12677 12678
3077 12680
3079 12682 12683
3080 12685
3081 12687 12688 12689
3082 12691 12692 12693
3083 12695 12696 12697 12698
3084 12700 12701 12702 12703
3085 12705 12706
3086 12708 12709 12710 12711
3087 12713
3088 12715 12716
3089 12718 12719 12720 12721
3090 12723 12724
3091 12726 12727 12728 12729 12730
3093 12732 12733 12734 12735
3094 12737 12738 12739
3095 12741 12742 12743
3096 12745 12746 12747 12748
3097 12750 12751 12752 12753
3098 12755
3099 12757
3100 12759 12760 12761 12762
3101 12764 12765 12766 12767
3102 12769 12770 12771
3103 12773
3104 12775 12776 12777
3105 12779 12780
3106 12782 12783 12784
3107 12786 12787 12788 12789
3108 12791 12792 12793
3109 12795
3110 12797 12798
3111 12800
3112 12802
3115 12804 12805 12806 12807 12808
3116 12810
3117 12812 12813 12814 12815 12816
3118 12818 12819 12820 12821 12822 12823
3119 12825 12826 12827 12828
3120 12830 12831 12832
3121 12834 12835
3122 12837 12838 12839
3123 12841 12842 12843
3124 12845
3125 12847 12848 12849
3126 12851
3127 12853 12854
3128 12856 12857 12858 12859
3129 12861 12862 12863 12864 12865
3130 12867 12868
3131 12870 12871 12872
3134 12874 12875
3135 12877 12878
3137 12880 12881 12882
3138 12884 12885 12886
3139 12888
3140 12890
3141 12892 12893
3142 12895 12896 12897
3143 12899 12900
3144 12902
3145 12904 12905 12906
3146 12908
3148 12910 12911 12912
3149 12914 12915
3150 12917 12918 12919 12920 12921 12922
3151 12924
3152 12926
3153 12928
3154 12930 12931 12932 12933
3155 12935 12936
3156 12938
3157 12940
3159 12942 12943
3160 12945
3161 12947 12948 12949
3163 12951 12952
3164 12954 12955 12956 12957
3165 12959 12960
3166 12962 12963 12964 12965
3167 12967 12968 12969 12970
3168 12972 12973
3169 12975 12976 12977
3171 12979
3172 12981 12982
3173 12984 12985 12986
3174 12988 12989 12990
3175 12992 12993
3176 12995 12996 12997 12998
3177 13000 13001
3178 13003 13004
3179 13006 13007 13008
3180 13010 13011 13012
3181 13014 13015 13016
3182 13018 13019
3183 13021 13022 13023 13024
3184 13026 13027
3185 13029 13030 13031 13032
3186 13034 13035
3187 13037 13038 13039 13040
3188 13042 13043
3189 13045 13046
3190 13048 13049
3191 13051 13052
3192 13054 13055 13056
3193 13058
3194 13060 13061 13062 13063
3196 13065 13066 13067 13068
3197 13070 13071 13072 13073
3198 13075
3199 13077
3201 13079 13080 13081
3202 13083 13084 13085
3204 13087 13088 13089
3205 13091
3206 13093
3207 13095 13096
3208 13098 13099
3210 13101
3212 13103 13104
3213 13106
3214 13108 13109 13110 13111
3215 13113
3216 13115
3217 13117 13118
3218 13120 13121 13122
3219 13124 13125
3220 13127 13128
3222 13130 13131 13132
3223 13134 13135
3225 13137 13138 13139 13140
3227 13142 13143 13144
3228 13146
3229 13148
3230 13150 13151 13152
3231 13154 13155 13156
3232 13158
3233 13160
3235 13162 13163
3238 13165 13166
3239 13168 13169
3240 13171 13172 13173
3241 13175
3242 13177
3244 13179 13180
3245 13182
3246 13184 13185
3247 13187 13188 13189
3248 13191 13192
3249 13194
3250 13196 13197 13198
3251 13200 13201
3253 13203 13204 13205
3254 13207 13208 13209 13210 13211
3255 13213 13214 13215 13216 13217
3256 13219
3257 13221
3259 13223 13224 13225
3261 13227 13228 13229
3262 13231
3263 13233 13234 13235 13236
3264 13238 13239 13240 13241 13242
3265 13244 13245
3266 13247 13248
3267 13250
3268 13252
3269 13254 13255
3270 13257
3271 13259 13260 13261 13262 13263 13264 13265
3273 13267 13268 13269
3274 13271 13272 13273
3275 13275 13276
3276 13278 13279 13280
3277 13282 13283 13284
3278 13286 13287
3279 13289 13290
3280 13292 13293 13294 13295
3281 13297
3282 13299 13300 13301
3283 13303 13304
3284 13306 13307 13308
3285 13310 13311 13312
3287 13314 13315
3288 13317 13318 13319 13320
3289 13322 13323 13324
3290 13326 13327
3291 13329
3292 13331
3293 13333
3294 13335 13336 13337
3295 13339
3296 13341
3297 13343
3298 13345 13346 13347 13348
3299 13350
3300 13352 13353
3302 13355
3303 13357
3304 13359 13360 13361
3305 13363
3306 13365 13366
3307 13368 13369
3308 13371 13372 13373 13374
3309 13376 13377 13378
3310 13380 13381
3311 13383 13384 13385
3312 13387 13388 13389
3314 13391
3315 13393 13394 13395 13396 13397
3316 13399
3317 13401 13402
3318 13404 13405 13406
3319 13408 13409 13410 13411 13412 13413
3321 13415 13416 13417
3322 13419 13420 13421
3323 13423 13424 13425 13426
3324 13428 13429
3325 13431
3326 13433 13434 13435 13436
3327 13438 13439 13440
3328 13442 13443 13444
3330 13446 13447 13448
3331 13450 13451 13452 13453
3333 13455 13456 13457
3334 13459
3335 13461 13462
3337 13464 13465 13466
3339 13468 13469 13470
3340 13472
3341 13474 13475
3342 13477 13478 13479 13480 13481 13482
3343 13484 13485
3344 13487 13488
3345 13490 13491
3346 13493 13494 13495 13496
3347 13498 13499
3348 13501 13502
3350 13504 13505 13506
3351 13508
3352 13510 13511 13512
3353 13514 13515 13516
3355 13518 13519 13520 13521 13522
3356 13524 13525 13526 13527
3357 13529 13530
3358 13532 13533 13534 13535
3359 13537 13538 13539 13540
3360 13542
3361 13544 13545 13546
3362 13548
3363 13550 13551 13552 13553
3364 13555 13556 13557
3365 13559
3366 13561 13562 13563
3367 13565
3369 13567 13568
3370 13570 13571 13572
3371 13574 13575
3372 13577 13578
3373 13580
3375 13582 13583
3376 13585
3377 13587 13588
3379 13590
3380 13592
3381 13594
3382 13596
3383 13598
3385 13600 13601 13602
3386 13604 13605 13606
3387 13608 13609 13610
3389 13612 13613
3390 13615
3391 13617
3393 13619
3394 13621 13622 13623
3395 13625 13626
3396 13628
3397 13630 13631
3398 13633 13634
3399 13636
3400 13638
3401 13640 13641
3402 13643
3403 13645 13646 13647 13648
3404 13650 13651
3405 13653
3406 13655 13656 13657 13658
3407 13660
3408 13662 13663 13664
3409 13666 13667 13668
3410 13670 13671
3411 13673 13674
3412 13676 13677
3413 13679 13680
3414 13682 13683
3415 13685 13686 13687
3416 13689 13690 13691 13692 13693 13694
3417 13696 13697 13698 13699
3418 13701 13702
3419 13704 13705 13706
3422 13708 13709
3423 13711 13712 13713
3424 13715
3425 13717 13718
3426 13720
3428 13722 13723
3429 13725 13726 13727 13728
3430 13730 13731
3432 13733 13734 13735
3433 13737 13738
3434 13740 13741
3436 13743
3437 13745 13746 13747 13748
3439 13750
3440 13752 13753 13754
3441 13756 13757
3442 13759 13760
3443 13762 13763
3444 13765
3445 13767 13768 13769
3446 13771
3447 13773 13774 13775
3449 13777
3450 13779 13780 13781
3451 13783 13784 13785
3453 13787 13788
3454 13790 13791 13792
3455 13794
3456 13796 13797 13798
3458 13800 13801 13802 13803
3459 13805
3461 13807
3462 13809 13810
3463 13812
3464 13814
3465 13816
3466 13818 13819
3467 13821 13822
3468 13824 13825 13826
3469 13828 13829 13830
3470 13832 13833 13834 13835
3471 13837
3472 13839 13840
3473 13842 13843
3476 13845 13846 13847 13848
3477 13850 13851
3478 13853 13854
3479 13856
3480 13858 13859
3482 13861 13862 13863
3483 13865
3484 13867 13868 13869
3485 13871 13872 13873 13874 13875
3486 13877
3488 13879
3489 13881
3490 13883
3491 13885
3492 13887
3493 13889 13890 13891
3495 13893
3496 13895
3497 13897 13898
3498 13900
3500 13902
3501 13904 13905
3503 13907 13908 13909
3505 13911 13912
3506 13914
3507 13916 13917 13918 13919
3508 13921
3510 13923
3511 13925 13926 13927 13928 13929
3512 13931
3513 13933
3514 13935
3516 13937
3517 13939
3519 13941 13942 13943 13944 13945 13946
3520 13948
3521 13950 13951
3522 13953 13954
3523 13956 13957 13958
3524 13960
3525 13962
3526 13964 13965 13966
3527 13968
3529 13970
3530 13972 13973
3531 13975
3533 13977 13978
3534 13980 13981 13982
3535 13984 13985 13986
3536 13988 13989 13990 13991
3537 13993 13994 13995 13996
3538 13998
3539 14000
3540 14002 14003
3541 14005
3542 14007 14008
3544 14010 14011
3545 14013
3546 14015 14016
3547 14018
3549 14020 14021 14022 14023 14024 14025
3550 14027 14028 14029
3551 14031 14032
3552 14034 14035
3553 14037 14038
3554 14040
3556 14042
3557 14044
3558 14046
3559 14048 14049 14050
3560 14052 14053
3561 14055
3562 14057 14058
3563 14060
3564 14062 14063 14064 14065
3565 14067 14068 14069 14070
3566 14072 14073
3567 14075
3569 14077 14078 14079 14080 14081 14082
3570 14084
3571 14086
3573 14088 14089 14090
3574 14092
3576 14094
3577 14096
3578 14098
3579 14100
3581 14102 14103
3582 14105
3583 14107
3584 14109
3585 14111 14112 14113
3586 14115
3587 14117
3588 14119 14120 14121 14122
3589 14124 14125
3590 14127 14128 14129 14130
3591 14132
3592 14134 14135 14136 14137 14138 14139 14140 14141
3593 14143
3594 14145
3595 14147 14148
3597 14150 14151
3598 14153 14154
3599 14156 14157
3600 14159 14160 14161 14162
3601 14164 14165 14166
3602 14168
3603 14170 14171
3604 14173 14174
3605 14176 14177
3607 14179 14180
3608 14182
3609 14184 14185
3611 14187
3613 14189 14190
3617 14192
3618 14194 14195
3619 14197 14198
3620 14200 14201
3621 14203 14204
3624 14206 14207 14208 14209
3625 14211
3626 14213
3627 14215 14216 14217
3628 14219
3629 14221 14222
3630 14224
3632 14226 14227
3633 14229
3634 14231 14232
3635 14234
3636 14236 14237 14238
3637 14240 14241 14242 14243
3638 14245 14246
3639 14248 14249 14250
3640 14252 14253
3641 14255 14256 14257
3644 14259
3645 14261
3647 14263 14264
3648 14266
3650 14268 14269 14270
3652 14272
3653 14274
3654 14276 14277 14278
3655 14280 14281 14282 14283
3656 14285 14286
3657 14288 14289 14290
3660 14292 14293
3662 14295 14296 14297
3663 14299
3664 14301
3666 14303
3667 14305 14306 14307
3669 14309 14310
3670 14312 14313 14314
3671 14316
3672 14318 14319
3673 14321
3675 14323 14324
3676 14326
3677 14328
3678 14330
3680 14332 14333
3682 14335
3683 14337 14338
3685 14340 14341 14342
3686 14344 14345
3687 14347 14348
3688 14350
3689 14352
3690 14354 14355
3691 14357 14358 14359
3692 14361
3694 14363 14364
3695 14366
3697 14368
3698 14370 14371 14372
3699 14374 14375
3700 14377 14378
3701 14380 14381 14382
3702 14384
3703 14386
3706 14388 14389 14390
3707 14392
3708 14394 14395
3710 14397
3711 14399
3713 14401
3714 14403
3715 14405
3719 14407 14408 14409
3720 14411 14412
3721 14414 14415
3722 14417
3723 14419
3725 14421
3726 14423
3727 14425 14426
3728 14428 14429
3729 14431
3731 14433 14434
3732 14436
3733 14438 14439
3737 14441 14442
3739 14444
3742 14446 14447
3745 14449
3746 14451
3747 14453 14454 14455
3749 14457
3750 14459 14460 14461
3751 14463
3752 14465 14466
3753 14468 14469
3754 14471
3757 14473
3760 14475
3763 14477
3765 14479 14480
3766 14482 14483
3767 14485 14486 14487
3768 14489
3769 14491
3770 14493
3771 14495
3774 14497
3777 14499
3778 14501
3780 14503
3781 14505
3783 14507 14508
3784 14510
3785 14512
3786 14514
3788 14516 14517
3789 14519 14520
3793 14522
3795 14524
3796 14526
3797 14528 14529
3798 14531
3800 14533
3802 14535
3804 14537
3805 14539
3806 14541
3810 14543 14544
3811 14546
3812 14548
3813 14550 14551
3817 14553
3819 14555
3822 14557
3823 14559
3824 14561
3827 14563
3839 14565
3846 14567
3847 14569 14570
3848 14572 14573
3849 14575 14576
3852 14578
3855 14580
3858 14582
3860 14584
3861 14586
3862 14588 14589
3864 14591
3867 14593
3868 14595
3874 14597
3875 14599
3878 14601
3880 14603
3883 14605
3884 14607
