item_no	itemPrice
0	4.7168
1	1.9086
2	2.697
3	4.074
4	2.7475
5	3.0661
6	1.8936
7	11.4596
8	6.7315
9	2.7
10	0.7363
11	1.0114
12	1.8452
13	4.2441
14	1.0973
15	0.3893
16	5.8289
17	0.1825
18	1.5012
19	0.7623
20	0.0913
21	1.01
22	0.895
23	2.1917
24	1.1872
25	6.1277
26	6.167
27	5.5622
28	1.1388
29	4.9786
30	2.7751
31	3.0052
32	1.3662
33	3.9122
34	1.7473
35	1.4048
36	2.2092
37	1.0614
38	4.0349
39	1.6114
40	0.7938
41	2.0798
42	1.8512
43	2.4456
44	3.4773
45	1.286
46	4.2726
47	4.7184
48	7.6289
49	1.562
50	3.3254
51	2.4469
52	1.7797
53	0.6617
54	0.8971
55	3.6936
56	3.2261
57	2.7224
58	1.5612
59	1.1138
60	2.8752
61	4.8471
62	2.1441
63	12.8028
64	5.0136
65	4.0655
66	0.244
67	0.2465
68	2.0117
69	1.1851
70	2.6184
71	3.2434
72	1.6917
73	3.0895
74	0.9302
75	1.6672
76	3.7378
77	3.7695
78	3.0178
79	2.0983
80	1.9972
81	1.2984
82	3.1921
83	3.0091
84	3.815
85	1.1916
86	1.206
87	2.962
88	3.7286
89	3.6324
90	2.216
91	0.9386
92	3.1721
93	5.697
94	2.0629
95	1.0985
96	4.1965
97	3.9315
98	3.7479
99	1.0043
100	2.3761
101	2.6452
102	1.7171
103	2.003
104	2.6703
105	2.6826
106	2.9753
107	3.2082
108	1.7883
109	4.1002
110	1.0307
111	1.8889
112	3.0552
113	3.1799
114	1.1947
115	1.8042
116	2.0109
117	0.4012
118	6.5569
119	3.8613
120	1.2259
121	1.5575
122	3.3588
123	2.4919
124	3.5006
125	1.0064
126	0.9866
127	1.6975
128	2.0169
129	2.5329
130	3.952
131	2.2943
132	1.0105
133	2.6474
134	3.6703
135	0.9975
136	1.2902
137	2.0408
138	0.9715
139	1.9684
140	7.2967
141	1.5136
142	1.1181
143	5.7953
144	2.7474
145	0.9793
146	6.8269
147	2.1276
148	4.4548
149	3.2673
150	3.1293
151	2.017
152	0.929
153	2.407
154	1.8766
155	0.5174
156	0.523
157	1.4671
158	3.8435
159	3.1866
160	2.9823
161	3.3594
162	2.6477
163	3.6549
164	0.898
165	3.0026
166	0.6836
167	1.3689
168	0.8344
169	3.2321
170	2.7253
171	3.1586
172	4.602
173	4.3586
174	4.701
175	3.9694
176	1.1048
177	2.3971
178	7.5757
179	2.6522
180	0.8297
181	0.8334
182	1.4094
183	4.843
184	1.86
185	1.5015
186	2.4086
187	0.9091
188	6.614
189	7.6755
190	2.4002
191	1.5062
192	2.5885
193	1.5605
194	0.9218
195	8.7395
196	3.3817
197	1.3232
198	7.0668
199	0.6541
200	1.3894
201	2.0095
202	3.0554
203	2.504
204	1.7968
205	4.949
206	5.8704
207	2.3633
208	2.4909
209	2.3286
210	2.6608
211	2.3142
212	3.772
213	3.23
214	0.9674
215	0.9773
216	1.9227
217	2.7511
218	1.0177
219	1.1287
220	1.4994
221	1.7786
222	4.5366
223	3.5398
224	0.9159
225	3.557
226	4.9068
227	1.2121
228	1.0923
229	1.8214
230	2.8787
231	0.9975
232	1.9854
233	2.2039
234	2.1694
235	0.9119
236	3.7353
237	1.9849
238	3.8137
239	0.3592
240	2.0976
241	2.4387
242	2.0141
243	3.3665
244	2.9177
245	3.1148
246	1.1428
247	3.1607
248	0.6637
249	3.1677
250	3.0213
251	3.3434
252	2.0264
253	0.997
254	3.2825
255	2.5534
256	2.5798
257	1.606
258	1.4755
259	4.6218
260	3.0457
261	4.0578
262	3.7288
263	3.4749
264	1.9981
265	2.3713
266	2.5136
267	0.9214
268	0.4995
269	0.4551
270	0.9909
271	0.9569
272	0.9483
273	1.1187
274	3.7473
275	2.0707
276	3.7416
277	4.792
278	0.9334
279	3.0292
280	4.1004
281	2.5458
282	1.9618
283	2.7445
284	1.89
285	2.1833
286	1.0698
287	7.3482
288	2.8068
289	2.6978
290	3.8141
291	2.823
292	6.3618
293	3.187
294	1.8605
295	0.9903
296	42.6201
297	1.0094
298	2.0606
299	5.1751
300	1.12
301	5.5339
302	1.9894
303	1.9924
304	1.2878
305	7.6478
306	0.6742
307	1.4598
308	1.4071
309	2.5874
310	3.4606
311	0.7992
312	0.3877
313	2.7336
314	3.5254
315	3.1211
316	2.2613
317	1.552
318	5.0852
319	3.3217
320	0.9311
321	0.9716
322	2.524
323	1.436
324	4.576
325	0.173
326	0.8995
327	1.398
328	2.1652
329	0.8599
330	2.712
331	1.7533
332	2.9392
333	4.3255
334	2.5992
335	2.8391
336	2.2632
337	0.9536
338	1.0744
339	1.2237
340	3.878
341	0.9616
342	2.9322
343	2.8176
344	0.9208
345	1.5232
346	0.9326
347	6.7972
348	2.6259
349	3.6214
350	2.7253
351	1.6457
352	1.8618
353	3.5999
354	1.8664
355	4.2952
356	2.9879
357	4.7402
358	7.0618
359	4.1243
360	4.0226
361	1.8543
362	3.5029
363	3.2483
364	5.7574
365	1.7003
366	1.7928
367	2.989
368	2.8026
369	2.9884
370	1.2238
371	4.4368
372	1.9299
373	1.5724
374	6.8172
375	2.6327
376	3.818
377	5.0093
378	0.9925
379	1.0038
380	2.8266
381	2.1542
382	1.492
383	2.8396
384	1.2792
385	3.5073
386	3.4836
387	1.926
388	2.0132
389	2.695
390	1.9338
391	2.9642
392	11.1625
393	2.2958
394	1.976
395	3.0117
396	3.1797
397	0.9157
398	1.6988
399	6.1628
400	2.5614
401	2.9914
402	3.7441
403	4.6073
404	5.0964
405	3.6715
406	1.1984
407	1.1745
408	4.0626
409	5.1051
410	1.0484
411	1.3752
412	5.5626
413	2.2938
414	2.0143
415	1.7179
416	5.0405
417	1.5595
418	1.0992
419	2.5252
420	1.8413
421	7.1523
422	3.2039
423	1.8235
424	1.4401
425	1.8983
426	2.7044
427	1.5087
428	3.8717
429	2.5225
430	3.0431
431	4.5542
432	2.3082
433	1.9841
434	1.9517
435	4.4186
436	1.9763
437	1.7736
438	1.8525
439	12.1436
440	1.6292
441	3.2858
442	3.263
443	1.5716
444	2.5178
445	1.0127
446	0.2626
447	0.2423
448	2.989
449	3.9932
450	4.5674
451	3.9935
452	1.057
453	2.3426
454	3.4001
455	1.3758
456	3.9979
457	3.9592
458	2.7096
459	2.9651
460	5.6332
461	1.2824
462	0.8609
463	1.4994
464	4.9991
465	1.3112
466	3.4976
467	3.8226
468	2.3154
469	4.2946
470	1.9635
471	1.0777
472	1.0824
473	7.3627
474	3.0608
475	1.5855
476	1.8526
477	2.2773
478	3.8184
479	2.2644
480	2.522
481	3.1821
482	3.5761
483	3.0267
484	1.2947
485	4.2364
486	1.1239
487	6.1363
488	3.8415
489	1.5716
490	2.3726
491	2.0417
492	2.0853
493	4.0454
494	1.7232
495	1.9138
496	1.4418
497	7.7138
498	2.4123
499	2.318
500	2.8193
501	1.7196
502	0.2327
503	3.1854
504	1.6335
505	0.269
506	2.5764
507	5.7369
508	2.9005
509	4.5302
510	4.718
511	2.0048
512	5.0009
513	3.3031
514	4.3831
515	2.4404
516	4.0019
517	1.3608
518	0.9268
519	1.5908
520	1.3386
521	2.4574
522	0.3082
523	5.7752
524	4.6816
525	1.4824
526	2.8561
527	2.5047
528	0.9258
529	1.4654
530	2.8015
531	2.9339
532	1.2772
533	1.874
534	3.1819
535	3.0445
536	1.4449
537	1.8235
538	4.3276
539	1.6165
540	3.8232
541	0.6924
542	0.9001
543	0.4907
544	2.9542
545	1.7505
546	1.4279
547	2.319
548	2.4328
549	1.6191
550	2.4514
551	6.1384
552	4.6768
553	2.7657
554	4.1398
555	2.7869
556	23.6323
557	5.7003
558	1.004
559	2.7651
560	5.6434
561	1.0026
562	1.404
563	2.0112
564	1.9865
565	3.8636
566	0.8058
567	1.4372
568	2.509
569	4.8513
570	0.9318
571	1.9396
572	2.2656
573	3.8256
574	6.3655
575	1.5764
576	2.131
577	2.1812
578	4.3162
579	1.7871
580	2.7917
581	8.3269
582	1.212
583	1.4558
584	3.8496
585	3.61
586	1.3368
587	2.6139
588	2.0207
589	3.0323
590	1.8241
591	2.2303
592	2.9078
593	5.682
594	2.9954
595	4.1512
596	1.7385
597	4.172
598	2.3935
599	0.825
600	2.6174
601	0.2463
602	3.9604
603	2.7646
604	2.4814
605	2.5439
606	3.4766
607	6.9418
608	2.8904
609	2.9498
610	1.4102
611	1.6276
612	1.6044
613	3.0777
614	2.2415
615	1.7196
616	4.1481
617	4.4931
618	1.7973
619	1.5225
620	0.4929
621	0.9561
622	1.6632
623	3.3211
624	2.0295
625	3.8014
626	0.9026
627	1.7198
628	4.4636
629	2.6208
630	4.7203
631	2.4141
632	1.4719
633	3.1677
634	3.0332
635	6.9066
636	1.9689
637	2.4289
638	1.8972
639	3.478
640	1.0005
641	0.994
642	7.065
643	2.1869
644	9.4775
645	1.1849
646	1.7166
647	5.3571
648	3.4338
649	1.9757
650	4.161
651	1.0699
652	3.6019
653	7.9978
654	1.3989
655	4.8262
656	1.5316
657	1.208
658	2.482
659	1.2897
660	3.3785
661	2.5666
662	2.6246
663	1.8675
664	4.1185
665	2.9322
666	0.9879
667	0.8749
668	1.0037
669	1.8884
670	1.7613
671	7.1543
672	1.585
673	7.4422
674	2.1244
675	0.9691
676	2.3289
677	2.9079
678	1.9553
679	3.837
680	4.1361
681	2.2406
682	1.2301
683	2.3558
684	1.2269
685	1.4268
686	6.5633
687	5.7476
688	2.726
689	3.234
690	7.6564
691	1.7234
692	2.4886
693	2.4107
694	2.4318
695	1.471
696	1.9675
697	2.8903
698	1.0046
699	2.0333
700	3.0541
701	2.0588
702	2.3124
703	5.5789
704	2.5786
705	3.4735
706	7.6693
707	4.3426
708	2.0052
709	4.8689
710	2.7701
711	3.9864
712	1.8928
713	2.9042
714	5.4383
715	2.791
716	1.6067
717	3.4618
718	2.5327
719	3.1435
720	1.9874
721	2.4676
722	1.3113
723	1.1829
724	4.0455
725	3.2606
726	1.3163
727	2.7785
728	3.4413
729	2.9225
730	3.0675
731	1.2125
732	1.2359
733	1.1988
734	3.5373
735	2.5662
736	2.6631
737	1.507
738	4.083
739	2.9971
740	0.7584
741	1.7822
742	3.6131
743	1.1406
744	2.4715
745	5.0327
746	3.0721
747	1.2023
748	2.6098
749	1.4401
750	1.4061
751	0.8252
752	4.8335
753	2.3438
754	3.731
755	2.6137
756	3.2961
757	2.8062
758	3.2354
759	1.3129
760	2.7746
761	2.508
762	2.2926
763	1.612
764	3.0211
765	8.1611
766	7.2394
767	0.4929
768	3.5225
769	5.8225
770	1.4373
771	3.7233
772	4.6234
773	2.9349
774	0.6412
775	2.3457
776	1.2327
777	2.7197
778	4.0421
779	1.2205
780	1.5847
781	4.0468
782	1.8897
783	2.9835
784	2.8348
785	2.1187
786	1.0097
787	5.939
788	4.1536
789	2.3312
790	5.9885
791	2.2642
792	3.7143
793	1.0197
794	2.9563
795	4.3103
796	3.9626
797	4.36
798	4.0446
799	1.2886
800	3.1078
801	6.5807
802	3.0386
803	3.959
804	0.6789
805	1.6854
806	3.8413
807	1.9737
808	3.6053
809	2.3077
810	2.8863
811	2.3637
812	4.021
813	4.8582
814	4.4107
815	2.0291
816	5.8467
817	6.5787
818	4.1942
819	3.7615
820	2.3486
821	3.148
822	2.5534
823	7.9872
824	3.0175
825	1.8046
826	1.6302
827	3.0675
828	2.7968
829	1.615
830	2.1281
831	3.1494
832	2.5192
833	4.6299
834	3.059
835	3.8959
836	2.9372
837	2.5564
838	2.4175
839	2.4511
840	2.7764
841	5.5197
842	7.6396
843	2.2059
844	2.3422
845	2.9051
846	3.1805
847	4.1576
848	1.3928
849	4.2909
850	2.3945
851	2.1192
852	1.6345
853	7.3651
854	2.8221
855	2.7983
856	0.9739
857	2.3081
858	2.6696
859	3.3876
860	2.4458
861	1.4938
862	2.9853
863	0.4948
864	3.1728
865	2.9357
866	6.507
867	4.6863
868	2.2382
869	3.0723
870	1.5664
871	1.5027
872	2.752
873	3.3011
874	3.1367
875	3.2587
876	1.6408
877	4.3631
878	4.5409
879	2.0812
880	2.4276
881	5.3597
882	1.844
883	2.1123
884	3.8795
885	2.9555
886	1.1698
887	19.97
888	1.173
889	1.8598
890	1.9898
891	4.0698
892	3.4675
893	2.8427
894	3.0024
895	2.4548
896	1.594
897	0.4963
898	2.6472
899	1.9991
900	2.939
901	3.2794
902	3.8797
903	1.9917
904	1.3439
905	0.9768
906	1.8727
907	3.8692
908	6.9518
909	1.4412
910	2.8744
911	4.0985
912	1.1017
913	3.4431
914	1.106
915	2.4911
916	1.485
917	3.5797
918	1.926
919	2.7282
920	3.7592
921	0.4573
922	1.8552
923	2.3663
924	2.8081
925	2.7534
926	1.7006
927	3.7627
928	2.7377
929	1.4927
930	1.3062
931	1.4954
932	0.8238
933	1.5213
934	1.749
935	1.638
936	1.4763
937	3.1987
938	0.5134
939	0.5246
940	2.7601
941	2.7991
942	1.8585
943	0.492
944	4.8001
945	1.0261
946	2.7838
947	4.0058
948	1.647
949	1.4451
950	2.2337
951	3.6753
952	2.6439
953	2.6384
954	3.0389
955	3.0532
956	0.9253
957	1.0107
958	2.6599
959	4.4882
960	6.7479
961	2.955
962	3.4694
963	2.9221
964	2.9312
965	0.9987
966	0.9892
967	0.9728
968	1.3413
969	1.6797
970	3.4685
971	9.1169
972	3.8482
973	1.9178
974	2.7645
975	2.3589
976	1.8792
977	3.7316
978	0.9635
979	2.6524
980	1.0232
981	0.9441
982	2.0326
983	1.2706
984	5.0091
985	3.748
986	3.7819
987	1.0025
988	2.1018
989	1.0113
990	1.3275
991	2.1824
992	2.5558
993	1.2888
994	3.9604
995	3.3878
996	4.3944
997	1.0012
998	2.5779
999	1.4058
1000	1.7861
1001	1.8657
1002	1.1832
1003	1.2049
1004	1.1784
1005	0.9305
1006	2.6464
1007	3.9782
1008	2.577
1009	2.3339
1010	1.6883
1011	2.3316
1012	5.8297
1013	2.071
1014	3.9741
1015	1.5226
1016	2.8141
1017	1.0198
1018	3.9556
1019	2.6375
1020	3.0662
1021	2.9568
1022	1.9014
1023	7.3974
1024	3.1068
1025	2.7142
1026	2.7493
1027	4.2185
1028	3.9771
1029	1.8985
1030	5.6112
1031	3.7527
1032	1.892
1033	4.6918
1034	1.0065
1035	4.07
1036	1.8351
1037	2.5957
1038	1.999
1039	1.4656
1040	1.9894
1041	2.0809
1042	2.1419
1043	0.8879
1044	2.3086
1045	1.6236
1046	3.306
1047	2.6706
1048	1.9589
1049	1.9297
1050	1.1545
1051	7.0176
1052	3.5695
1053	2.2571
1054	2.2289
1055	1.1436
1056	1.9005
1057	2.1971
1058	5.0979
1059	3.0678
1060	1.2351
1061	2.8199
1062	5.2768
1063	3.1899
1064	2.7607
1065	4.8746
1066	0.7086
1067	2.3678
1068	2.147
1069	4.0464
1070	3.0102
1071	1.9258
1072	1.0677
1073	1.9076
1074	4.1773
1075	6.8005
1076	6.5993
1077	2.552
1078	4.5895
1079	4.8732
1080	1.7205
1081	2.6927
1082	1.6671
1083	3.8401
1084	1.9433
1085	4.9951
1086	1.2068
1087	1.6552
1088	5.0036
1089	1.9967
1090	0.3788
1091	3.2132
1092	0.9954
1093	2.4091
1094	4.0289
1095	2.992
1096	1.5113
1097	6.291
1098	4.0383
1099	2.3663
1100	5.0589
1101	5.1588
1102	1.7984
1103	3.0492
1104	1.6912
1105	3.4039
1106	2.5894
1107	4.4971
1108	3.8461
1109	3.2339
1110	3.044
1111	0.9161
1112	5.6528
1113	3.6054
1114	0.6637
1115	4.8901
1116	1.8422
1117	1.9274
1118	1.7134
1119	2.0105
1120	1.7373
1121	20.4332
1122	5.4722
1123	1.2938
1124	1.8967
1125	0.8324
1126	0.8632
1127	1.7103
1128	0.4965
1129	2.0072
1130	1.4404
1131	4.0918
1132	2.0249
1133	2.7321
1134	4.6047
1135	2.7316
1136	2.4581
1137	2.9274
1138	6.575
1139	1.1035
1140	2.9163
1141	1.8575
1142	4.9848
1143	2.7985
1144	3.7974
1145	2.3431
1146	2.2298
1147	2.2906
1148	4.8261
1149	1.9378
1150	0.499
1151	3.7112
1152	0.5076
1153	0.5046
1154	3.0204
1155	3.3387
1156	0.4466
1157	3.5539
1158	2.5793
1159	2.9559
1160	4.9673
1161	4.0622
1162	3.6383
1163	1.2255
1164	4.7142
1165	2.8528
1166	2.9313
1167	4.1913
1168	1.9808
1169	4.7749
1170	1.6907
1171	2.9397
1172	2.7829
1173	4.2237
1174	0.9335
1175	3.799
1176	2.0267
1177	0.9466
1178	1.9947
1179	2.558
1180	2.4516
1181	2.9947
1182	2.8224
1183	0.4058
1184	3.1853
1185	0.8971
1186	1.384
1187	1.4088
1188	3.2776
1189	0.3558
1190	2.9161
1191	3.1151
1192	2.3364
1193	4.8907
1194	1.0228
1195	1.0143
1196	7.285
1197	2.2591
1198	5.0298
1199	2.8147
1200	2.3386
1201	0.5072
1202	1.9366
1203	1.9348
1204	3.422
1205	0.7566
1206	0.7737
1207	3.2438
1208	4.0974
1209	3.3473
1210	3.9199
1211	1.8722
1212	3.4668
1213	2.4739
1214	4.1879
1215	5.1781
1216	2.4566
1217	1.4227
1218	2.7023
1219	1.4422
1220	4.4664
1221	4.3886
1222	3.4667
1223	1.1281
1224	1.6423
1225	3.7369
1226	7.3991
1227	2.6107
1228	2.511
1229	4.6303
1230	17.7084
1231	7.3402
1232	6.1321
1233	4.6559
1234	1.9271
1235	2.5492
1236	0.7574
1237	2.1822
1238	4.5194
1239	2.6546
1240	3.0093
1241	1.1021
1242	2.3762
1243	2.1001
1244	2.0964
1245	3.4091
1246	2.8445
1247	3.6064
1248	1.4205
1249	2.6376
1250	4.0001
1251	2.4593
1252	1.9145
1253	1.1819
1254	2.3329
1255	3.1328
1256	3.0332
1257	4.6271
1258	15.2362
1259	6.6053
1260	1.0029
1261	2.4383
1262	4.2983
1263	4.5114
1264	1.1034
1265	2.2101
1266	5.8321
1267	3.5418
1268	3.7722
1269	4.7485
1270	3.2147
1271	1.996
1272	2.4221
1273	3.708
1274	6.1423
1275	4.075
1276	1.8379
1277	3.319
1278	1.0142
1279	4.8218
1280	1.4565
1281	5.1513
1282	3.0258
1283	2.6984
1284	2.6895
1285	0.9697
1286	3.1594
1287	2.6534
1288	2.6629
1289	1.6209
1290	3.0574
1291	2.3038
1292	3.6406
1293	1.4877
1294	4.0395
1295	1.4244
1296	1.6659
1297	1.8209
1298	2.7291
1299	2.5668
1300	3.7882
1301	1.5301
1302	2.0575
1303	6.1063
1304	1.9797
1305	1.6944
1306	1.8874
1307	2.3838
1308	0.9129
1309	1.5378
1310	2.7415
1311	4.3483
1312	8.9105
1313	9.9804
1314	1.0008
1315	2.4135
1316	2.4724
1317	2.659
1318	1.9306
1319	5.4498
1320	2.4383
1321	2.9455
1322	0.1511
1323	3.033
1324	3.2525
1325	2.3823
1326	1.0214
1327	2.6584
1328	2.5815
1329	3.9727
1330	2.8516
1331	7.1227
1332	3.8819
1333	3.9571
1334	1.8883
1335	1.9301
1336	1.6835
1337	2.2585
1338	2.6163
1339	3.7525
1340	2.2806
1341	4.3816
1342	3.913
1343	3.7357
1344	5.7342
1345	2.0037
1346	1.0087
1347	3.2701
1348	3.9579
1349	4.1448
1350	1.6242
1351	1.2206
1352	2.4249
1353	4.9436
1354	2.5011
1355	6.5959
1356	1.7165
1357	1.3919
1358	1.0005
1359	3.0621
1360	2.3949
1361	6.1754
1362	3.2838
1363	4.3983
1364	2.6661
1365	1.9828
1366	2.5631
1367	2.2132
1368	0.797
1369	0.8986
1370	6.8292
1371	1.4168
1372	5.3794
1373	3.3585
1374	2.9112
1375	0.7528
1376	2.0185
1377	1.0684
1378	2.8084
1379	3.9332
1380	5.9428
1381	1.2847
1382	2.2045
1383	1.1879
1384	3.2381
1385	0.0792
1386	1.4919
1387	0.9678
1388	1.6002
1389	1.6254
1390	2.7994
1391	4.8979
1392	2.023
1393	1.8004
1394	2.3728
1395	3.0555
1396	3.1825
1397	3.3575
1398	3.4748
1399	2.5663
1400	2.9827
1401	1.9437
1402	2.4402
1403	4.1923
1404	0.7157
1405	3.0823
1406	0.9837
1407	3.2891
1408	1.3827
1409	3.7222
1410	1.5714
1411	1.7447
1412	5.8293
1413	1.6065
1414	0.8357
1415	3.827
1416	1.7928
1417	6.5624
1418	3.2818
1419	6.7307
1420	2.8965
1421	4.719
1422	2.906
1423	1.8125
1424	1.591
1425	2.9685
1426	2.5221
1427	2.7731
1428	1.1758
1429	292.1642
1430	2.7377
1431	1.4378
1432	3.0472
1433	1.5504
1434	2.4927
1435	3.1646
1436	5.1535
1437	1.0141
1438	5.1459
1439	2.0533
1440	1.0236
1441	2.994
1442	4.1814
1443	0.9194
1444	3.0526
1445	1.5068
1446	6.6497
1447	2.4258
1448	10.9227
1449	2.7433
1450	3.8911
1451	3.525
1452	2.9386
1453	2.555
1454	2.825
1455	4.5071
1456	5.7498
1457	2.1759
1458	5.6502
1459	2.5549
1460	2.9739
1461	2.3438
1462	2.7654
1463	3.4806
1464	1.4207
1465	5.0679
1466	4.5343
1467	3.1653
1468	1.4283
1469	2.1065
1470	4.1239
1471	0.7615
1472	2.5219
1473	5.0249
1474	3.5
1475	0.8869
1476	5.8937
1477	0.4891
1478	1.6668
1479	1.2621
1480	0.9173
1481	0.8855
1482	0.9164
1483	0.8814
1484	4.1643
1485	1.7108
1486	2.1549
1487	1.6159
1488	1.2035
1489	0.858
1490	1.4274
1491	3.945
1492	2.4885
1493	1.0578
1494	3.1753
1495	2.6824
1496	2.3469
1497	3.9438
1498	18.9449
1499	8.7831
1500	8.6521
1501	1.7848
1502	2.6191
1503	2.0008
1504	1.5819
1505	1.5926
1506	2.9491
1507	4.0354
1508	2.0938
1509	4.339
1510	3.0115
1511	2.4869
1512	2.8449
1513	2.7805
1514	1.4172
1515	2.022
1516	1.3838
1517	5.9165
1518	6.8757
1519	2.6267
1520	3.6071
1521	9.432
1522	3.8959
1523	1.4183
1524	5.6071
1525	3.5549
1526	3.3333
1527	2.4846
1528	3.1596
1529	5.3969
1530	1.8217
1531	1.8675
1532	3.6725
1533	1.8149
1534	2.7903
1535	0.8053
1536	3.658
1537	2.2462
1538	3.0194
1539	2.4817
1540	2.6083
1541	0.9833
1542	1.9323
1543	1.9632
1544	6.9316
1545	0.9886
1546	1.2653
1547	3.0751
1548	1.0951
1549	5.2524
1550	1.9967
1551	1.0104
1552	4.5924
1553	4.5376
1554	0.9553
1555	2.6316
1556	2.475
1557	1.3529
1558	5.6481
1559	8.2617
1560	1.175
1561	4.3544
1562	0.9736
1563	4.1986
1564	2.0959
1565	2.7193
1566	1.9558
1567	2.6899
1568	3.0577
1569	4.1259
1570	2.0537
1571	2.8373
1572	4.174
1573	3.6226
1574	1.1201
1575	3.0946
1576	4.0549
1577	2.6935
1578	2.7611
1579	0.4596
1580	2.6636
1581	2.9267
1582	4.4788
1583	2.4988
1584	2.8676
1585	3.7365
1586	4.6461
1587	1.2024
1588	4.2543
1589	1.835
1590	9.0858
1591	3.1406
1592	1.4391
1593	2.1534
1594	4.0568
1595	2.6955
1596	1.7009
1597	1.7522
1598	2.8169
1599	1.1182
1600	3.893
1601	7.6359
1602	4.7269
1603	2.1058
1604	1.4362
1605	1.8735
1606	1.8717
1607	1.8627
1608	0.8506
1609	1.2297
1610	2.2542
1611	1.2818
1612	6.4557
1613	3.7433
1614	4.6665
1615	8.6361
1616	1.4817
1617	3.0007
1618	1.1609
1619	3.8464
1620	1.6398
1621	1.725
1622	5.011
1623	2.3093
1624	3.4138
1625	2.2093
1626	4.9808
1627	3.6632
1628	1.6227
1629	2.9171
1630	4.1506
1631	1.875
1632	3.5365
1633	2.1918
1634	3.2109
1635	0.8191
1636	2.168
1637	6.0544
1638	4.3598
1639	2.6474
1640	2.8597
1641	1.388
1642	0.7116
1643	5.1223
1644	2.5777
1645	0.6902
1646	1.8124
1647	0.7833
1648	4.2541
1649	1.7535
1650	5.3155
1651	11.2024
1652	1.839
1653	1.0981
1654	6.0931
1655	4.72
1656	3.6071
1657	2.4822
1658	6.1751
1659	1.2084
1660	2.3991
1661	5.1665
1662	3.9099
1663	10.2442
1664	1.6461
1665	1.0563
1666	5.8117
1667	2.779
1668	3.9923
1669	2.9728
1670	1.5039
1671	2.5969
1672	2.7594
1673	2.0392
1674	4.3856
1675	5.8212
1676	2.8599
1677	2.1843
1678	3.7988
1679	1.8727
1680	3.8806
1681	1.7836
1682	1.1957
1683	17.387
1684	2.926
1685	5.0199
1686	3.0529
1687	4.4064
1688	6.8805
1689	2.8423
1690	2.0381
1691	4.1047
1692	1.762
1693	2.8256
1694	2.9339
1695	2.2188
1696	1.4503
1697	1.1195
1698	5.9485
1699	3.0402
1700	2.7036
1701	1.4142
1702	6.1674
1703	1.0209
1704	1.964
1705	1.8754
1706	1.0729
1707	2.7979
1708	2.5187
1709	2.0803
1710	5.0364
1711	0.9526
1712	4.7005
1713	2.0094
1714	5.2983
1715	2.9991
1716	3.8223
1717	2.6698
1718	4.0443
1719	3.2859
1720	4.3882
1721	4.9645
1722	1.0939
1723	3.3288
1724	3.0569
1725	0.8383
1726	2.3176
1727	2.0088
1728	1.6448
1729	2.1754
1730	3.3039
1731	3.2773
1732	2.4556
1733	5.2114
1734	5.9932
1735	4.3238
1736	4.7803
1737	2.6385
1738	3.3499
1739	1.2594
1740	2.9634
1741	1.1545
1742	1.1668
1743	2.7857
1744	2.138
1745	5.8349
1746	3.6884
1747	1.2208
1748	3.3526
1749	1.7368
1750	1.4542
1751	2.9002
1752	8.1269
1753	7.1843
1754	4.1798
1755	3.2965
1756	4.3779
1757	3.8724
1758	1.5955
1759	2.1943
1760	4.063
1761	2.6477
1762	2.9987
1763	4.0686
1764	2.5552
1765	1.9825
1766	4.2178
1767	3.9237
1768	1.5714
1769	2.8074
1770	2.6988
1771	3.6809
1772	3.5583
1773	4.0381
1774	3.7015
1775	3.7321
1776	13.3438
1777	2.6296
1778	2.4027
1779	5.0532
1780	1.3293
1781	2.1767
1782	2.6591
1783	11.3118
1784	4.7783
1785	3.1617
1786	3.4642
1787	4.0596
1788	2.0294
1789	3.4682
1790	1.1405
1791	9.3358
1792	3.9966
1793	1.0845
1794	2.8291
1795	4.2841
1796	6.0606
1797	2.8481
1798	2.0283
1799	2.9069
1800	0.7887
1801	1.9614
1802	1.3826
1803	5.5729
1804	4.3074
1805	5.146
1806	0.5408
1807	4.5482
1808	1.7431
1809	1.7694
1810	1.0262
1811	3.9887
1812	3.0546
1813	2.669
1814	2.7556
1815	2.8376
1816	-0.0101
1817	6.8761
1818	6.5442
1819	0.9766
1820	0.9793
1821	2.8525
1822	1.5436
1823	1.6365
1824	5.0563
1825	2.9958
1826	4.1306
1827	3.4317
1828	4.6503
1829	2.1443
1830	3.74
1831	8.8259
1832	6.6186
1833	5.005
1834	2.9556
1835	1.7268
1836	5.8999
1837	2.6946
1838	2.4221
1839	4.4591
1840	1.8688
1841	2.8101
1842	4.8882
1843	6.136
1844	1.4237
1845	5.1771
1846	2.368
1847	6.5244
1848	3.1773
1849	1.7078
1850	2.6918
1851	3.8267
1852	3.7855
1853	1.4861
1854	7.7717
1855	1.781
1856	3.0424
1857	1.7685
1858	2.8595
1859	2.9649
1860	0.9952
1861	3.2812
1862	6.5768
1863	4.1125
1864	4.12
1865	3.0932
1866	2.0421
1867	6.7661
1868	4.9096
1869	8.1024
1870	4.8166
1871	2.7669
1872	1.5036
1873	0.8957
1874	2.7092
1875	2.466
1876	1.7808
1877	1.7994
1878	4.0239
1879	3.4272
1880	1.1029
1881	1.5797
1882	1.2302
1883	1.6715
1884	1.5805
1885	2.9917
1886	3.5234
1887	2.6531
1888	4.3086
1889	1.338
1890	1.1107
1891	2.2008
1892	5.2012
1893	1.8839
1894	1.4453
1895	7.1406
1896	3.7602
1897	2.5073
1898	4.1643
1899	1.9341
1900	1.9981
1901	1.5431
1902	2.7661
1903	3.9131
1904	3.017
1905	1.1826
1906	3.5943
1907	5.9473
1908	2.3484
1909	4.0309
1910	3.2526
1911	3.4589
1912	4.0214
1913	3.1039
1914	3.9996
1915	4.9512
1916	6.1948
1917	5.6861
1918	2.576
1919	1.8708
1920	2.5157
1921	2.6171
1922	1.9668
1923	5.3874
1924	0.544
1925	3.1108
1926	2.4916
1927	0.9434
1928	2.1264
1929	2.0408
1930	2.0044
1931	2.9008
1932	1.7108
1933	2.0427
1934	4.549
1935	2.7077
1936	2.0537
1937	1.1623
1938	4.1442
1939	2.417
1940	2.3827
1941	4.9118
1942	3.9136
1943	0.7661
1944	1.5338
1945	3.2951
1946	1.9835
1947	1.6172
1948	1.1182
1949	3.6672
1950	4.0085
1951	3.7838
1952	1.8984
1953	2.9601
1954	4.6777
1955	1.4225
1956	3.1417
1957	2.9145
1958	3.5229
1959	2.512
1960	4.3477
1961	2.8186
1962	2.6867
1963	4.274
1964	0.4586
1965	3.0411
1966	6.6647
1967	2.9579
1968	3.0321
1969	1.219
1970	4.1595
1971	4.6798
1972	3.0045
1973	1.5686
1974	2.7232
1975	2.6564
1976	7.0327
1977	3.3188
1978	1.0354
1979	4.2533
1980	3.8695
1981	12.648
1982	2.5859
1983	2.6073
1984	3.7279
1985	3.9064
1986	4.7615
1987	6.6247
1988	2.561
1989	3.3936
1990	3.2091
1991	2.9938
1992	5.2794
1993	0.5705
1994	3.2638
1995	3.4135
1996	4.0787
1997	3.0097
1998	1.0008
1999	5.8775
2000	1.9041
2001	4.9499
2002	1.4555
2003	6.5818
2004	5.2848
2005	1.9119
2006	3.4495
2007	2.626
2008	3.878
2009	2.6981
2010	4.2856
2011	4.6249
2012	3.0049
2013	3.709
2014	1.3534
2015	1.2997
2016	2.7929
2017	2.5591
2018	3.1208
2019	4.6772
2020	2.9836
2021	1.013
2022	2.9214
2023	3.1649
2024	3.6381
2025	2.715
2026	9.4862
2027	3.0875
2028	2.2374
2029	3.762
2030	1.9297
2031	1.133
2032	3.7125
2033	5.8555
2034	3.1532
2035	3.0565
2036	7.047
2037	2.989
2038	2.402
2039	2.6937
2040	3.0175
2041	2.3794
2042	1.6381
2043	7.9848
2044	6.1811
2045	2.6615
2046	2.1933
2047	2.3635
2048	2.4035
2049	2.1762
2050	3.8913
2051	3.0833
2052	0.9744
2053	5.4534
2054	0.6666
2055	2.6261
2056	2.2841
2057	1.2009
2058	1.0412
2059	3.1925
2060	3.3076
2061	1.9693
2062	5.7392
2063	1.5449
2064	5.8656
2065	0.9647
2066	1.4618
2067	6.9337
2068	7.8413
2069	1.7503
2070	2.7674
2071	3.1224
2072	2.015
2073	1.4483
2074	2.7292
2075	1.5467
2076	3.9511
2077	2.7359
2078	2.0802
2079	3.1435
2080	3.5419
2081	0.9166
2082	1.8288
2083	2.8193
2084	5.4372
2085	3.2565
2086	5.8936
2087	1.8508
2088	1.1017
2089	4.0622
2090	2.2113
2091	3.0107
2092	7.2153
2093	4.6704
2094	2.7011
2095	1.8483
2096	2.8157
2097	2.6114
2098	1.9854
2099	4.2132
2100	1.286
2101	3.4881
2102	2.9347
2103	2.9487
2104	1.7912
2105	4.0148
2106	2.0482
2107	1.6055
2108	1.4399
2109	2.3785
2110	2.8269
2111	1.1305
2112	3.0615
2113	0.5149
2114	3.5393
2115	2.2287
2116	6.7141
2117	3.3221
2118	2.3642
2119	4.1572
2120	7.1967
2121	1.4816
2122	0.8994
2123	24.6014
2124	2.5758
2125	2.0403
2126	0.9999
2127	3.3479
2128	3.8047
2129	2.5505
2130	1.1603
2131	6.5404
2132	0.872
2133	1.9516
2134	2.5649
2135	2.6169
2136	2.9386
2137	1.4375
2138	1.8329
2139	6.3699
2140	7.3448
2141	2.1688
2142	2.006
2143	2.643
2144	5.7454
2145	1.6392
2146	2.5883
2147	1.9866
2148	2.1864
2149	7.5479
2150	8.0534
2151	2.0761
2152	10.1001
2153	1.5796
2154	1.8748
2155	1.2055
2156	2.1294
2157	8.9272
2158	4.6794
2159	1.2755
2160	1.8977
2161	3.6963
2162	4.1985
2163	2.5265
2164	1.7039
2165	3.8972
2166	1.3389
2167	4.6289
2168	2.5906
2169	3.4979
2170	2.8435
2171	3.5767
2172	1.6089
2173	1.4909
2174	4.081
2175	1.4973
2176	1.2634
2177	4.3422
2178	3.5929
2179	4.2926
2180	1.1559
2181	2.2711
2182	2.9946
2183	2.6843
2184	2.9916
2185	0.9199
2186	3.4094
2187	3.0718
2188	4.1371
2189	5.5949
2190	0.9854
2191	3.7054
2192	3.1159
2193	3.4573
2194	1.458
2195	2.9904
2196	1.9891
2197	2.5404
2198	1.084
2199	2.0085
2200	2.613
2201	2.2886
2202	2.902
2203	3.2493
2204	5.5553
2205	3.1002
2206	2.9119
2207	0.9769
2208	7.1939
2209	3.2299
2210	2.1747
2211	1.6313
2212	2.5031
2213	4.5175
2214	3.4928
2215	2.8453
2216	3.019
2217	2.547
2218	4.2144
2219	4.3615
2220	1.3773
2221	6.1167
2222	4.0586
2223	31.4653
2224	3.9358
2225	8.9303
2226	2.0772
2227	8.2372
2228	1.601
2229	4.3138
2230	4.9246
2231	2.9689
2232	5.9369
2233	2.3533
2234	4.2318
2235	1.115
2236	8.1049
2237	1.1881
2238	0.862
2239	0.863
2240	1.2365
2241	5.5392
2242	2.2506
2243	6.013
2244	2.1986
2245	4.0474
2246	1.93
2247	3.2213
2248	2.9392
2249	3.5363
2250	3.1099
2251	6.0064
2252	4.7817
2253	4.0357
2254	5.0595
2255	4.2492
2256	4.4725
2257	1.7304
2258	2.9325
2259	2.0947
2260	2.6108
2261	2.6952
2262	4.1395
2263	2.1114
2264	10.7589
2265	3.0198
2266	1.1473
2267	2.613
2268	3.7211
2269	2.7709
2270	1.9005
2271	4.3432
2272	11.5176
2273	4.8755
2274	1.2717
2275	6.9053
2276	1.365
2277	1.0874
2278	1.8003
2279	1.9065
2280	4.2483
2281	1.0952
2282	4.9778
2283	4.0962
2284	2.9415
2285	5.3611
2286	5.9603
2287	3.7404
2288	2.9341
2289	6.974
2290	2.4811
2291	1.2628
2292	2.2441
2293	2.3963
2294	1.638
2295	1.1932
2296	2.2368
2297	3.2472
2298	2.2029
2299	3.5182
2300	1.3539
2301	2.7569
2302	3.117
2303	1.0173
2304	6.2108
2305	6.7315
2306	2.4962
2307	4.9842
2308	3.0284
2309	2.2466
2310	5.4259
2311	6.214
2312	1.9395
2313	1.6368
2314	2.8623
2315	3.6379
2316	4.204
2317	0.5141
2318	2.2976
2319	1.408
2320	6.0232
2321	2.393
2322	0.6674
2323	5.0334
2324	2.3237
2325	1.924
2326	2.8106
2327	3.8907
2328	2.5305
2329	4.5368
2330	1.785
2331	3.4105
2332	2.2665
2333	1.8643
2334	19.7433
2335	1.1794
2336	2.1866
2337	6.4681
2338	1.9226
2339	20.1314
2340	2.7322
2341	1.0913
2342	3.4262
2343	3.9424
2344	2.8768
2345	2.0115
2346	2.8569
2347	0.4286
2348	1.3282
2349	7.1107
2350	3.9973
2351	2.7298
2352	1.8273
2353	6.617
2354	3.3008
2355	2.5769
2356	4.9719
2357	3.9832
2358	7.3103
2359	3.3761
2360	7.6731
2361	2.9347
2362	3.1115
2363	3.2168
2364	6.3123
2365	1.9959
2366	4.8583
2367	4.6101
2368	5.1156
2369	4.8008
2370	4.1074
2371	2.6278
2372	4.8435
2373	2.3992
2374	2.7204
2375	3.5202
2376	1.5298
2377	4.9203
2378	1.4426
2379	4.3129
2380	17.3916
2381	4.1599
2382	1.4493
2383	1.6957
2384	6.0185
2385	3.0168
2386	3.7649
2387	2.1078
2388	2.8538
2389	9.8661
2390	2.5007
2391	1.3384
2392	6.2199
2393	5.5152
2394	4.8927
2395	2.476
2396	2.2654
2397	0.3574
2398	3.1831
2399	1.1154
2400	2.438
2401	2.8829
2402	1.6083
2403	3.2302
2404	2.6062
2405	8.8608
2406	4.5487
2407	3.1075
2408	2.8222
2409	3.3349
2410	1.2287
2411	0.9871
2412	4.3628
2413	1.9064
2414	1.3957
2415	1.543
2416	3.3464
2417	3.5751
2418	0.9749
2419	7.0793
2420	7.2612
2421	3.8271
2422	9.6897
2423	0.4889
2424	2.1288
2425	2.3561
2426	1.3332
2427	6.0755
2428	1.9381
2429	2.9364
2430	1.8171
2431	21.0015
2432	4.6211
2433	4.2773
2434	3.2734
2435	2.108
2436	2.8347
2437	1.886
2438	3.0936
2439	3.0032
2440	18.5741
2441	4.0702
2442	3.8394
2443	2.3403
2444	2.7814
2445	3.2905
2446	5.0873
2447	5.0623
2448	3.0145
2449	2.5306
2450	2.5253
2451	2.021
2452	3.0363
2453	4.0586
2454	2.3505
2455	4.8114
2456	3.3384
2457	3.0875
2458	2.4163
2459	3.0204
2460	3.1755
2461	4.0311
2462	0.9808
2463	2.2818
2464	3.8579
2465	1.7868
2466	0.7875
2467	5.0215
2468	4.5226
2469	4.5043
2470	1.1835
2471	2.9275
2472	4.8979
2473	1.5899
2474	3.3316
2475	2.7071
2476	3.0241
2477	6.9886
2478	2.4923
2479	4.0863
2480	3.6868
2481	3.2216
2482	18.2493
2483	2.7898
2484	3.9774
2485	5.5412
2486	8.9093
2487	6.3999
2488	9.1964
2489	3.6384
2490	1.4052
2491	4.3375
2492	4.5205
2493	6.4463
2494	2.5989
2495	3.2811
2496	3.8214
2497	1.6888
2498	2.1367
2499	1.8159
2500	1.6678
2501	1.3771
2502	3.0955
2503	1.3767
2504	4.5084
2505	2.9279
2506	1.3883
2507	6.6283
2508	3.5221
2509	10.0973
2510	1.4791
2511	3.1321
2512	2.6105
2513	2.299
2514	2.2211
2515	2.5763
2516	2.5124
2517	2.8646
2518	3.2897
2519	3.0413
2520	0.8063
2521	1.3537
2522	2.0255
2523	3.0957
2524	5.8575
2525	2.4255
2526	2.475
2527	1.9196
2528	2.0847
2529	3.1417
2530	1.409
2531	1.1606
2532	1.3744
2533	2.435
2534	2.0138
2535	3.2269
2536	3.9408
2537	2.2475
2538	1.8739
2539	8.7019
2540	4.429
2541	3.3724
2542	5.0109
2543	6.304
2544	3.6483
2545	4.3175
2546	2.965
2547	4.0704
2548	3.6591
2549	3.5871
2550	1.3884
2551	3.9298
2552	5.2796
2553	0.7258
2554	2.3752
2555	1.2009
2556	1.6326
2557	3.1621
2558	3.0021
2559	6.4276
2560	1.4076
2561	4.0842
2562	7.237
2563	3.2457
2564	3.1279
2565	3.0272
2566	2.0006
2567	4.15
2568	3.9332
2569	1.9945
2570	3.6083
2571	1.7478
2572	5.9921
2573	1.3506
2574	4.9839
2575	2.1082
2576	10.159
2577	3.0017
2578	7.0599
2579	6.8898
2580	2.919
2581	1.712
2582	4.1856
2583	1.4125
2584	1.4621
2585	3.8
2586	5.1015
2587	2.348
2588	4.6312
2589	1.2507
2590	1.195
2591	1.4519
2592	4.5591
2593	1.6173
2594	4.7984
2595	1.4443
2596	1.0284
2597	4.4619
2598	3.4228
2599	8.1418
2600	6.8636
2601	5.3851
2602	2.0581
2603	3.7576
2604	2.1643
2605	6.6503
2606	7.0173
2607	9.9652
2608	4.7352
2609	2.4586
2610	4.7922
2611	1.3227
2612	6.0344
2613	1.9264
2614	2.7942
2615	2.063
2616	2.6025
2617	2.1683
2618	2.5024
2619	2.5645
2620	1.0276
2621	2.3901
2622	0.1486
2623	3.3068
2624	3.2252
2625	6.7532
2626	2.9299
2627	7.9643
2628	7.7116
2629	5.0803
2630	4.8391
2631	3.9319
2632	3.0938
2633	3.3297
2634	5.5065
2635	3.1575
2636	1.6774
2637	3.1737
2638	5.2574
2639	4.5893
2640	3.813
2641	3.996
2642	1.9713
2643	3.8743
2644	4.1632
2645	3.5771
2646	4.0607
2647	2.0785
2648	3.3153
2649	4.7706
2650	3.8802
2651	4.0103
2652	4.2719
2653	2.0316
2654	1.2438
2655	2.3599
2656	8.0065
2657	5.0244
2658	3.0743
2659	2.2928
2660	3.4906
2661	1.6242
2662	3.2817
2663	2.7732
2664	3.9045
2665	8.5413
2666	2.3828
2667	4.8463
2668	3.0604
2669	3.9951
2670	2.0007
2671	2.9698
2672	5.4268
2673	1.8523
2674	1.0877
2675	6.5091
2676	2.6136
2677	1.8902
2678	3.8557
2679	3.6956
2680	2.9
2681	2.9659
2682	3.1071
2683	2.5221
2684	1.865
2685	3.0042
2686	3.5668
2687	2.8409
2688	5.8122
2689	1.3889
2690	3.4563
2691	4.6214
2692	2.5319
2693	1.2925
2694	2.3574
2695	2.6695
2696	2.2701
2697	2.0249
2698	4.6543
2699	2.8696
2700	3.7917
2701	2.7763
2702	5.3689
2703	4.0475
2704	5.9691
2705	3.196
2706	3.0567
2707	5.0514
2708	5.7819
2709	2.8954
2710	4.9413
2711	2.3876
2712	2.9003
2713	6.9207
2714	3.6464
2715	8.0163
2716	3.1048
2717	1.9872
2718	3.6536
2719	1.6773
2720	2.6489
2721	3.0238
2722	2.0857
2723	7.1907
2724	1.1065
2725	8.0161
2726	5.9116
2727	1.8374
2728	4.0725
2729	3.5634
2730	4.8271
2731	9.6505
2732	2.0747
2733	1.726
2734	6.1429
2735	1.1746
2736	7.9616
2737	2.92
2738	2.2539
2739	4.5611
2740	2.7248
2741	3.5583
2742	1.9472
2743	3.4886
2744	3.0596
2745	1.6162
2746	2.6272
2747	1.7705
2748	2.7494
2749	4.6666
2750	2.31
2751	1.2256
2752	3.1613
2753	2.2765
2754	2.2392
2755	3.3291
2756	3.4168
2757	7.3443
2758	3.3841
2759	2.9199
2760	1.6893
2761	5.6448
2762	4.9914
2763	3.3575
2764	3.2109
2765	3.6902
2766	2.6069
2767	2.0129
2768	7.8787
2769	2.8737
2770	17.8617
2771	1.9341
2772	1.4081
2773	3.0103
2774	1.9423
2775	3.0244
2776	5.7007
2777	6.5974
2778	1.2647
2779	1.7137
2780	1.8769
2781	3.0956
2782	6.2378
2783	3.0141
2784	1.8118
2785	1.0105
2786	1.8398
2787	1.5489
2788	6.0869
2789	2.8578
2790	4.2361
2791	2.8821
2792	1.9392
2793	0.9857
2794	3.0121
2795	1.8257
2796	2.8219
2797	4.9097
2798	5.5676
2799	3.6808
2800	6.0248
2801	2.2384
2802	0.8375
2803	5.6027
2804	3.9927
2805	2.3973
2806	1.0978
2807	2.8023
2808	3.0765
2809	3.0077
2810	7.4445
2811	3.796
2812	2.8964
2813	1.3726
2814	5.7553
2815	1.8192
2816	3.4951
2817	3.087
2818	1.1366
2819	3.8765
2820	7.5795
2821	3.9983
2822	2.2931
2823	1.8732
2824	0.0202
2825	1.1857
2826	2.1374
2827	1.9988
2828	2.4342
2829	5.1493
2830	3.856
2831	2.8819
2832	2.5911
2833	3.9304
2834	1.1761
2835	1.6715
2836	4.1173
2837	4.7385
2838	4.5009
2839	3.5264
2840	4.4267
2841	7.0469
2842	1.4788
2843	2.7093
2844	7.7062
2845	4.7032
2846	5.6262
2847	4.0702
2848	1.1458
2849	3.5581
2850	1.9111
2851	2.96
2852	4.3781
2853	3.1701
2854	2.3575
2855	1.5566
2856	4.3844
2857	4.0781
2858	1.8535
2859	3.3573
2860	3.6099
2861	1.9423
2862	1.8553
2863	5.0499
2864	2.3262
2865	3.5423
2866	3.4587
2867	2.7159
2868	2.0689
2869	4.0305
2870	1.5619
2871	4.1661
2872	2.5052
2873	2.8767
2874	2.5335
2875	5.0399
2876	4.4618
2877	8.347
2878	2.725
2879	5.5862
2880	2.9872
2881	2.5754
2882	8.927
2883	0.8348
2884	5.1748
2885	6.3177
2886	2.4351
2887	17.7828
2888	2.3656
2889	2.1026
2890	3.8509
2891	1.9582
2892	0.9802
2893	1.1553
2894	1.9072
2895	2.3769
2896	0.3776
2897	3.3697
2898	1.9301
2899	7.8861
2900	3.5114
2901	5.1232
2902	3.6767
2903	6.6451
2904	4.5864
2905	4.0431
2906	2.8767
2907	2.2015
2908	3.0729
2909	5.3521
2910	3.8561
2911	3.837
2912	6.5302
2913	2.5611
2914	5.1591
2915	3.7567
2916	4.9735
2917	2.5823
2918	6.5675
2919	2.283
2920	1.5034
2921	4.1096
2922	2.7897
2923	2.7256
2924	3.2885
2925	5.6922
2926	2.8764
2927	1.1105
2928	2.1252
2929	5.0129
2930	0.6701
2931	4.1398
2932	1.5269
2933	6.5672
2934	3.9406
2935	22.534
2936	1.9687
2937	3.9428
2938	5.6866
2939	2.8863
2940	4.974
2941	3.0023
2942	3.7147
2943	4.0825
2944	4.0259
2945	4.2439
2946	3.1401
2947	5.0057
2948	4.9871
2949	7.3039
2950	4.752
2951	2.4292
2952	5.3172
2953	4.1353
2954	4.4864
2955	11.094
2956	5.4303
2957	0.366
2958	7.0932
2959	1.6936
2960	3.3604
2961	4.7567
2962	2.7987
2963	5.8645
2964	4.1048
2965	6.097
2966	4.0063
2967	7.9215
2968	3.1642
2969	4.2114
2970	2.4768
2971	7.5139
2972	0.7317
2973	4.0278
2974	4.6287
2975	2.0233
2976	1.3456
2977	1.1556
2978	6.2839
2979	4.2834
2980	4.3845
2981	6.0351
2982	2.569
2983	0.1723
2984	3.0851
2985	1.3945
2986	1.1421
2987	2.1071
2988	4.4585
2989	2.2486
2990	3.9974
2991	1.5727
2992	2.4651
2993	2.3918
2994	2.3525
2995	4.6364
2996	7.8226
2997	1.7859
2998	3.8351
2999	2.107
3000	2.6132
3001	3.2509
3002	3.0637
3003	2.9787
3004	2.0296
3005	7.7844
3006	6.0758
3007	2.2178
3008	5.0097
3009	2.2109
3010	1.4175
3011	2.5668
3012	1.2327
3013	4.7141
3014	1.9695
3015	2.8737
3016	3.3254
3017	2.9888
3018	3.2778
3019	2.4817
3020	6.7257
3021	3.9181
3022	4.3144
3023	11.3731
3024	4.7748
3025	1.1984
3026	1.4195
3027	4.3103
3028	2.6148
3029	3.0905
3030	4.3544
3031	1.882
3032	3.3486
3033	2.0611
3034	1.534
3035	1.5785
3036	5.9558
3037	2.1425
3038	3.948
3039	4.3088
3040	2.9195
3041	3.8693
3042	1.6043
3043	2.3654
3044	2.2166
3045	1.3392
3046	5.1093
3047	3.8454
3048	4.9388
3049	3.308
3050	1.2421
3051	6.6904
3052	3.7747
3053	2.6016
3054	3.8536
3055	3.3206
3056	2.1335
3057	5.984
3058	4.6485
3059	4.7584
3060	2.7305
3061	6.6774
3062	6.4527
3063	2.2388
3064	3.6003
3065	1.9783
3066	1.9565
3067	3.2232
3068	2.3441
3069	1.5068
3070	2.0455
3071	5.891
3072	6.1641
3073	5.4398
3074	2.872
3075	3.088
3076	1.6298
3077	7.1173
3078	4.0988
3079	6.0941
3080	6.1891
3081	0.753
3082	1.9638
3083	2.6244
3084	0.9338
3085	0.9115
3086	3.6366
3087	2.8732
3088	2.9276
3089	3.4758
3090	2.8902
3091	1.4168
3092	12.9345
3093	3.5307
3094	3.8695
3095	4.8963
3096	4.7557
3097	1.6663
3098	1.1435
3099	2.0651
3100	7.3972
3101	3.986
3102	5.3462
3103	4.9174
3104	1.9511
3105	2.5344
3106	3.8991
3107	1.3996
3108	3.0048
3109	3.8039
3110	2.0422
3111	5.6688
3112	3.411
3113	1.5319
3114	3.5005
3115	6.719
3116	2.6345
3117	2.308
3118	2.919
3119	4.4058
3120	2.6168
3121	5.5234
3122	12.9935
3123	3.2592
3124	2.1704
3125	2.5056
3126	2.7317
3127	2.9596
3128	0.986
3129	2.5916
3130	1.3985
3131	5.6448
3132	6.7832
3133	4.4529
3134	5.7511
3135	3.6768
3136	2.7087
3137	5.8596
3138	3.8905
3139	3.7715
3140	2.8201
3141	10.5711
3142	1.7151
3143	3.1492
3144	24.7509
3145	4.1376
3146	5.3199
3147	4.223
3148	3.3985
3149	3.8105
3150	1.5132
3151	1.8667
3152	3.1444
3153	2.8128
3154	5.6134
3155	10.943
3156	2.9077
3157	3.8939
3158	3.7254
3159	5.4218
3160	3.5547
3161	6.0591
3162	0.4654
3163	5.0264
3164	4.8704
3165	6.6415
3166	4.5059
3167	17.1069
3168	2.1792
3169	4.2452
3170	3.3554
3171	1.345
3172	5.409
3173	3.9279
3174	1.9768
3175	1.0045
3176	1.5195
3177	2.2385
3178	5.6824
3179	4.8698
3180	3.4209
3181	3.3857
3182	1.9343
3183	3.7365
3184	3.8047
3185	4.971
3186	14.1435
3187	1.1496
3188	2.5509
3189	5.0236
3190	8.9762
3191	7.6643
3192	7.6672
3193	2.9512
3194	2.9707
3195	3.9248
3196	2.3266
3197	3.0661
3198	3.2936
3199	3.3289
3200	0.2055
3201	2.5891
3202	4.3903
3203	2.2887
3204	1.2636
3205	3.4239
3206	2.3798
3207	2.9357
3208	2.641
3209	2.9175
3210	5.1431
3211	2.7882
3212	2.1507
3213	4.5946
3214	3.0976
3215	3.7027
3216	3.1909
3217	0.9974
3218	0.468
3219	1.6693
3220	0.4938
3221	0.5033
3222	4.0075
3223	0.485
3224	1.3351
3225	3.8941
3226	2.9037
3227	3.8333
3228	6.3855
3229	4.0272
3230	3.7784
3231	3.2006
3232	3.6785
3233	2.2993
3234	0.7049
3235	1.023
3236	2.9417
3237	1.8806
3238	3.172
3239	3.9942
3240	9.5638
3241	3.5428
3242	4.8297
3243	4.7503
3244	6.8739
3245	4.9484
3246	3.9492
3247	3.7209
3248	3.2642
3249	7.5876
3250	0.4508
3251	3.2237
3252	12.2774
3253	1.9151
3254	2.0965
3255	5.6126
3256	3.9553
3257	3.9509
3258	3.9655
3259	5.111
3260	5.5746
3261	3.1198
3262	2.5898
3263	1.3179
3264	4.0876
3265	1.8625
3266	6.958
3267	4.7433
3268	4.9155
3269	3.7635
3270	6.672
3271	1.2328
3272	3.4214
3273	2.8049
3274	7.9373
3275	1.1141
3276	3.0262
3277	3.1698
3278	1.7606
3279	1.4564
3280	2.3583
3281	2.0749
3282	2.6687
3283	3.0571
3284	3.491
3285	4.8573
3286	5.0157
3287	5.3183
3288	3.7378
3289	6.4075
3290	6.237
3291	0.9757
3292	1.4872
3293	2.3048
3294	8.7374
3295	2.9
3296	6.3487
3297	2.221
3298	3.2247
3299	4.2303
3300	1.2085
3301	7.7966
3302	4.2717
3303	4.2953
3304	2.8053
3305	1.9861
3306	2.0422
3307	2.7927
3308	3.1378
3309	7.3153
3310	1.6628
3311	3.1892
3312	3.1296
3313	5.1188
3314	4.1369
3315	4.5078
3316	3.5517
3317	4.9905
3318	1.6936
3319	2.6692
3320	4.9383
3321	8.3292
3322	5.7963
3323	3.9723
3324	3.1937
3325	3.556
3326	1.1083
3327	4.7675
3328	3.1494
3329	4.1161
3330	3.8968
3331	2.799
3332	24.6462
3333	1.9037
3334	9.7475
3335	3.1485
3336	1.9694
3337	1.8831
3338	4.4178
3339	2.401
3340	7.0267
3341	2.6767
3342	4.7427
3343	1.5082
3344	1.8007
3345	2.8668
3346	3.0035
3347	7.0419
3348	4.0705
3349	2.8083
3350	6.0536
3351	6.084
3352	3.2965
3353	3.5991
3354	4.5283
3355	5.3519
3356	3.4913
3357	2.7978
3358	0.3801
3359	1.9784
3360	1.5137
3361	4.8514
3362	2.081
3363	2.7083
3364	2.6109
3365	2.5656
3366	1.4442
3367	5.0553
3368	1.0202
3369	4.6754
3370	1.3946
3371	1.9735
3372	4.0154
3373	3.5426
3374	1.3704
3375	2.4438
3376	2.8039
3377	7.763
3378	3.1201
3379	2.856
3380	3.0497
3381	8.991
3382	7.4693
3383	23.2738
3384	6.0713
3385	5.5921
3386	5.9019
3387	1.786
3388	3.824
3389	1.1221
3390	6.1433
3391	1.9974
3392	6.8486
3393	5.2988
3394	11.9279
3395	5.631
3396	5.626
3397	5.1194
3398	0.3914
3399	2.6304
3400	2.801
3401	3.7991
3402	3.7453
3403	2.5433
3404	5.4599
3405	3.5085
3406	2.0795
3407	2.1467
3408	4.467
3409	5.8235
3410	4.2527
3411	7.0428
3412	3.7465
3413	2.9528
3414	5.4383
3415	7.2011
3416	5.4231
3417	3.3987
3418	6.2296
3419	0.6115
3420	2.7386
3421	4.0995
3422	1.2671
3423	1.7027
3424	3.057
3425	3.1736
3426	10.6032
3427	7.1215
3428	5.1308
3429	3.1041
3430	3.0893
3431	2.8487
3432	4.8881
3433	3.7324
3434	1.6232
3435	1.64
3436	4.8333
3437	8.2131
3438	3.4329
3439	4.7949
3440	3.5433
3441	3.6646
3442	5.6965
3443	4.862
3444	4.7147
3445	6.8701
3446	1.6936
3447	2.8466
3448	0.5309
3449	4.141
3450	2.8055
3451	2.9759
3452	3.0628
3453	3.2212
3454	6.0092
3455	2.6291
3456	5.9686
3457	1.7915
3458	0.631
3459	6.1166
3460	2.4406
3461	1.9544
3462	0.9549
3463	6.4018
3464	1.796
3465	5.7296
3466	3.9284
3467	4.017
3468	1.2789
3469	1.2848
3470	3.0428
3471	1.4511
3472	1.9818
3473	5.1665
3474	2.1316
3475	1.4651
3476	2.9039
3477	3.0255
3478	4.1172
3479	4.2476
3480	17.5641
3481	5.8264
3482	5.5028
3483	0.8946
3484	2.9556
3485	1.3963
3486	3.4371
3487	2.7659
3488	4.878
3489	1.1225
3490	0.9625
3491	2.3375
3492	3.0699
3493	4.1667
3494	3.6431
3495	6.1738
3496	3.414
3497	3.6677
3498	3.6192
3499	1.3736
3500	3.1137
3501	1.76
3502	2.2828
3503	0.9746
3504	2.8385
3505	3.4275
3506	2.2139
3507	1.7078
3508	2.982
3509	0.9004
3510	1.8828
3511	2.8088
3512	3.6978
3513	2.8683
3514	2.8591
3515	1.8408
3516	0.9682
3517	9.8717
3518	5.8392
3519	4.1122
3520	5.7666
3521	2.5384
3522	1.0087
3523	2.938
3524	13.1338
3525	11.9235
3526	1.7644
3527	3.9844
3528	4.2004
3529	7.1871
3530	1.2494
3531	4.276
3532	3.5762
3533	2.7985
3534	2.7504
3535	5.2134
3536	4.7827
3537	1.3962
3538	4.8528
3539	3.7805
3540	6.4927
3541	2.6658
3542	2.4119
3543	1.9896
3544	0.8918
3545	4.7692
3546	1.7326
3547	8.8846
3548	3.6761
3549	1.9398
3550	2.5999
3551	5.8849
3552	2.5812
3553	3.4157
3554	1.9743
3555	2.9745
3556	2.6567
3557	5.1577
3558	5.5971
3559	3.7059
3560	1.9845
3561	2.4733
3562	2.5981
3563	5.7133
3564	2.9692
3565	2.946
3566	2.3343
3567	4.0649
3568	4.0081
3569	4.7719
3570	3.8511
3571	7.9011
3572	7.3225
3573	4.9119
3574	7.1524
3575	4.6869
3576	1.3277
3577	2.5299
3578	1.4503
3579	34.9092
3580	7.3231
3581	1.8708
3582	6.582
3583	0.5804
3584	3.9268
3585	2.7887
3586	3.2327
3587	7.1963
3588	3.9724
3589	2.0077
3590	7.82
3591	3.8772
3592	3.9767
3593	1.9524
3594	9.423
3595	1.9548
3596	1.9476
3597	1.1298
3598	4.9723
3599	3.9498
3600	2.5065
3601	6.6761
3602	1.6558
3603	2.1302
3604	2.549
3605	0.8013
3606	5.1117
3607	10.8646
3608	2.3751
3609	4.9667
3610	5.4948
3611	2.0088
3612	3.608
3613	2.4326
3614	10.8128
3615	1.4584
3616	2.6349
3617	5.3479
3618	1.5776
3619	3.8955
3620	3.957
3621	6.5577
3622	1.8133
3623	12.0161
3624	9.9685
3625	20.5602
3626	1.0459
3627	6.859
3628	0.6031
3629	2.4848
3630	1.1764
3631	0.9143
3632	3.6655
3633	3.1165
3634	3.5811
3635	3.8397
3636	2.9896
3637	2.0471
3638	6.0673
3639	4.9064
3640	5.1986
3641	3.0159
3642	7.1601
3643	3.9032
3644	3.8967
3645	2.7609
3646	5.6965
3647	4.0289
3648	1.2101
3649	4.4232
3650	2.5471
3651	6.0902
3652	3.2859
3653	2.3343
3654	1.5641
3655	2.6016
3656	2.2982
3657	1.5052
3658	4.7693
3659	1.8215
3660	4.7386
3661	2.8302
3662	5.1331
3663	2.4559
3664	5.8335
3665	2.7474
3666	2.5947
3667	3.7365
3668	1.9998
3669	0.8162
3670	4.0244
3671	3.1232
3672	2.7207
3673	4.2525
3674	4.7826
3675	4.0159
3676	2.5569
3677	8.0326
3678	2.2891
3679	2.7088
3680	3.2964
3681	4.0736
3682	1.2893
3683	4.5362
3684	3.1017
3685	10.369
3686	1.1974
3687	6.2102
3688	5.7961
3689	4.9084
3690	9.7355
3691	0.6595
3692	0.9822
3693	4.3289
3694	4.245
3695	3.1689
3696	1.8621
3697	5.2649
3698	3.7702
3699	6.9747
3700	10.5014
3701	5.0511
3702	5.0432
3703	2.4168
3704	3.0186
3705	5.3275
3706	3.7037
3707	0.6926
3708	7.5354
3709	5.1273
3710	0.5745
3711	3.8868
3712	2.3308
3713	4.5227
3714	1.9774
3715	7.7043
3716	1.9782
3717	3.1277
3718	5.3339
3719	3.4812
3720	2.9973
3721	2.8753
3722	3.4416
3723	0.6751
3724	3.1035
3725	3.5748
3726	13.1887
3727	7.8366
3728	9.4318
3729	6.3889
3730	3.0043
3731	6.109
3732	2.9042
3733	2.584
3734	1.7155
3735	21.91
3736	7.156
3737	2.3512
3738	23.0835
3739	2.9405
3740	12.6995
3741	4.6992
3742	3.8428
3743	4.1165
3744	6.1981
3745	3.9533
3746	2.1854
3747	1.79
3748	0.9673
3749	1.4978
3750	3.0971
3751	22.823
3752	2.5566
3753	2.1049
3754	2.5208
3755	2.5487
3756	2.7237
3757	6.0526
3758	4.47
3759	4.4924
3760	4.4095
3761	2.6019
3762	2.9399
3763	24.542
3764	1.8463
3765	3.6505
3766	2.4668
3767	1.0383
3768	4.3849
3769	2.2926
3770	2.7858
3771	3.7137
3772	2.979
3773	3.5728
3774	3.9929
3775	4.2776
3776	3.2188
3777	6.0836
3778	3.5465
3779	2.0617
3780	0.4713
3781	13.3485
3782	5.3245
3783	2.3977
3784	2.908
3785	1.7407
3786	2.5674
3787	1.2125
3788	2.6315
3789	4.9836
3790	2.5828
3791	2.9404
3792	6.9012
3793	2.2483
3794	1.4998
3795	0.9871
3796	4.8396
3797	1.2683
3798	8.1317
3799	3.7977
3800	1.5776
3801	5.1211
3802	8.3546
3803	5.723
3804	1.0157
3805	0.9937
3806	7.7526
3807	3.2058
3808	4.1398
3809	1.0295
3810	3.4713
3811	3.2823
3812	2.4972
3813	11.6989
3814	22.6684
3815	2.2954
3816	10.4736
3817	1.6728
3818	0.7066
3819	3.135
3820	1.4822
3821	0.0095
3822	1.8169
3823	1.7948
3824	7.9927
3825	10.3733
3826	3.3425
3827	0.9817
3828	4.8283
3829	5.3441
3830	1.2506
3831	1.5488
3832	0.8427
3833	5.9708
3834	2.9247
3835	6.3703
3836	1.6449
3837	2.8557
3838	3.6883
3839	3.4173
3840	2.9793
3841	0.8001
3842	2.9144
3843	5.5172
3844	7.2956
3845	1.8773
3846	5.5483
3847	9.1606
3848	4.0416
3849	2.0141
3850	4.4956
3851	6.8704
3852	2.9843
3853	1.2225
3854	1.045
3855	4.3629
3856	4.0018
3857	4.7805
3858	3.082
3859	9.7401
3860	8.5287
3861	8.6027
3862	7.127
3863	4.6678
3864	5.9363
3865	6.2299
3866	4.8759
3867	4.502
3868	5.0659
3869	3.1586
3870	11.9089
3871	3.838
3872	2.8209
3873	3.0487
3874	3.3336
3875	3.3124
3876	3.9157
3877	0.0103
3878	3.326
3879	3.2377
3880	4.5845
3881	1.9916
3882	1.3874
3883	7.0375
3884	11.3772
3885	4.1531
3886	2.6438
3887	1.9004
3888	8.1788
3889	0.9432
3890	3.1662
3891	3.8669
3892	4.9967
3893	2.5657
3894	0.6964
3895	1.7853
3896	1.9296
3897	7.4779
3898	3.6121
3899	1.5381
3900	3.4034
3901	-0.0098
3902	5.101
3903	4.2934
3904	3.8048
3905	4.6025
3906	4.7193
3907	3.7704
3908	3.6574
3909	1.0045
3910	3.1445
3911	1.0074
3912	3.8662
3913	1.4074
3914	3.241
3915	2.6751
3916	3.9964
3917	5.3134
3918	6.6039
3919	1.5399
3920	1.9039
3921	5.7197
3922	5.9756
3923	4.04
3924	3.7527
3925	3.0687
3926	4.6151
3927	3.9471
3928	2.9598
3929	2.0157
3930	1.6078
3931	8.1699
3932	17.6819
3933	2.2732
3934	9.3992
3935	6.065
3936	12.7647
3937	2.9467
3938	4.8745
3939	6.4881
3940	6.2445
3941	2.8771
3942	2.9063
3943	2.8764
3944	3.0125
3945	2.01
3946	4.8538
3947	7.8565
3948	2.2229
3949	3.2801
3950	1.1992
3951	0.0105
3952	1.1629
3953	1.9122
3954	6.4899
3955	4.6598
3956	1.0067
3957	4.9991
3958	1.8642
3959	3.5545
3960	6.7982
3961	4.6895
3962	2.6847
3963	4.1253
3964	9.4747
3965	4.8051
3966	3.2502
3967	3.9557
3968	6.7646
3969	8.4345
3970	5.0873
3971	3.434
3972	6.5736
3973	6.9681
3974	1.3349
3975	6.5526
3976	9.7118
3977	4.1187
3978	1.9872
3979	5.1399
3980	4.0404
3981	2.265
3982	1.0657
3983	2.5448
3984	1.6437
3985	5.049
3986	5.0832
3987	2.869
3988	3.3536
3989	2.2568
3990	3.8738
3991	4.1227
3992	4.9694
3993	4.1425
3994	9.6171
3995	2.2945
3996	5.1158
3997	1.2885
3998	3.0717
3999	2.6919
4000	4.8371
4001	3.6765
4002	8.5486
4003	1.5888
4004	3.5617
4005	7.5219
4006	1.7358
4007	2.2191
4008	1.8111
4009	9.5933
4010	2.3674
4011	5.9078
4012	1.0137
4013	2.9014
4014	2.8851
4015	1.9636
4016	3.0762
4017	1.9333
4018	7.1664
4019	4.8353
4020	2.1015
4021	3.8669
4022	0.1229
4023	6.238
4024	3.0452
4025	1.0985
4026	1.703
4027	1.8608
4028	1.9368
4029	4.283
4030	1.9411
4031	9.1219
4032	3.0599
4033	2.8815
4034	6.5636
4035	4.1627
4036	7.982
4037	1.934
4038	2.2521
4039	11.6031
4040	3.0187
4041	1.8111
4042	9.1719
4043	3.0482
4044	4.1271
4045	4.6306
4046	3.8821
4047	1.5895
4048	1.5584
4049	3.7309
4050	2.5368
4051	3.9514
4052	1.9563
4053	1.4773
4054	2.2323
4055	4.4892
4056	1.5188
4057	7.1363
4058	2.3812
4059	3.0001
4060	2.1635
4061	4.7853
4062	2.7148
4063	2.8339
4064	0.9528
4065	21.2497
4066	6.0742
4067	2.1707
4068	6.8011
4069	3.6806
4070	3.5435
4071	3.0146
4072	3.3019
4073	6.7953
4074	5.9407
4075	4.3794
4076	3.0824
4077	3.6446
4078	2.5851
4079	2.2466
4080	6.5346
4081	2.7112
4082	11.0001
4083	3.0154
4084	2.3517
4085	7.5012
4086	2.8672
4087	2.2797
4088	6.5862
4089	0.2033
4090	2.3679
4091	4.0252
4092	8.0798
4093	7.1233
4094	4.8751
4095	3.2183
4096	6.5632
4097	2.2449
4098	2.6743
4099	2.0756
4100	7.2617
4101	5.3398
4102	3.3992
4103	5.1497
4104	2.53
4105	4.8454
4106	1.7405
4107	4.6976
4108	7.5828
4109	2.0526
4110	2.8277
4111	5.8832
4112	1.9405
4113	3.5699
4114	5.7186
4115	1.9381
4116	1.091
4117	5.1813
4118	1.1486
4119	3.7598
4120	5.2162
4121	1.0716
4122	3.5601
4123	5.5708
4124	3.6282
4125	2.4533
4126	4.5654
4127	4.0735
4128	1.9612
4129	2.2588
4130	3.5523
4131	2.3676
4132	4.2265
4133	3.1434
4134	4.2281
4135	2.2129
4136	1.9228
4137	6.9176
4138	1.9625
4139	7.3081
4140	2.2743
4141	2.0507
4142	3.6589
4143	2.5959
4144	2.3456
4145	1.1371
4146	6.0901
4147	6.2565
4148	3.74
4149	5.1702
4150	2.7725
4151	7.1046
4152	7.6468
4153	0.0105
4154	2.423
4155	2.3875
4156	4.8506
4157	4.0522
4158	6.4383
4159	3.2753
4160	6.7319
4161	6.9726
4162	4.6744
4163	7.8683
4164	4.1033
4165	3.9707
4166	3.4478
4167	2.6686
4168	1.7561
4169	2.4276
4170	2.3719
4171	2.126
4172	1.7261
4173	2.9564
4174	2.7694
4175	6.1859
4176	0.9386
4177	0.9488
4178	2.5847
4179	1.9736
4180	1.4467
4181	8.3967
4182	43.6682
4183	2.144
4184	2.2316
4185	2.5155
4186	5.2323
4187	4.5338
4188	3.2028
4189	1.1466
4190	2.9898
4191	2.5757
4192	2.9144
4193	2.9181
4194	3.703
4195	10.9092
4196	2.9757
4197	1.3723
4198	2.9717
4199	2.6908
4200	3.4805
4201	3.3233
4202	2.6685
4203	4.6782
4204	2.2982
4205	8.7127
4206	1.3406
4207	2.4059
4208	4.004
4209	2.0079
4210	1.613
4211	6.673
4212	7.452
4213	2.5546
4214	4.3295
4215	2.8848
4216	6.0383
4217	4.0538
4218	1.3283
4219	8.957
4220	3.5843
4221	1.1645
4222	4.1655
4223	9.3795
4224	3.8654
4225	3.6474
4226	2.1623
4227	4.3841
4228	2.5701
4229	2.6159
4230	2.0841
4231	2.2616
4232	3.2661
4233	4.5906
4234	3.8402
4235	2.412
4236	6.57
4237	4.861
4238	1.8214
4239	7.943
4240	4.3516
4241	8.0084
4242	2.4179
4243	3.8962
4244	0.0102
4245	6.0038
4246	7.1817
4247	3.2954
4248	3.3859
4249	2.8038
4250	4.1833
4251	7.1836
4252	2.0115
4253	0.9444
4254	3.3148
4255	4.886
4256	1.8646
4257	2.3808
4258	2.7492
4259	2.3133
4260	3.5719
4261	3.2612
4262	7.2021
4263	3.9301
4264	3.8078
4265	1.4415
4266	2.3929
4267	5.6538
4268	5.3817
4269	5.4843
4270	2.2522
4271	6.998
4272	2.8069
4273	4.4707
4274	3.4103
4275	3.8756
4276	5.4593
4277	0.9864
4278	2.9415
4279	2.9725
4280	3.8982
4281	2.9682
4282	3.0139
4283	1.6145
4284	7.168
4285	6.5472
4286	2.3462
4287	2.9481
4288	1.983
4289	5.7515
4290	2.7559
4291	7.2453
4292	6.7619
4293	2.1856
4294	2.0685
4295	1.2298
4296	6.5979
4297	0.5462
4298	2.8416
4299	4.9386
4300	2.9027
4301	2.4445
4302	5.1067
4303	7.4871
4304	2.9393
4305	0.4513
4306	14.7767
4307	5.6378
4308	2.4514
4309	0.1631
4310	4.5964
4311	6.5329
4312	3.711
4313	6.6703
4314	1.904
4315	2.5955
4316	2.9643
4317	1.0601
4318	5.3644
4319	4.7464
4320	3.6957
4321	6.3573
4322	5.4273
4323	3.7558
4324	4.0556
4325	2.2191
4326	2.051
4327	2.6029
4328	3.9829
4329	2.5325
4330	12.3375
4331	5.6068
4332	8.6174
4333	6.2914
4334	2.4177
4335	2.9623
4336	0.9616
4337	2.5036
4338	8.5115
4339	5.8188
4340	3.6041
4341	3.6771
4342	3.087
4343	3.4918
4344	3.3131
4345	3.062
4346	2.5158
4347	1.3353
4348	7.3145
4349	0.051
4350	0.885
4351	5.0472
4352	2.6096
4353	6.6417
4354	8.8596
4355	0.1187
4356	1.5452
4357	6.1698
4358	1.4322
4359	1.2003
4360	5.1386
4361	3.5983
4362	4.0498
4363	4.7066
4364	2.9274
4365	6.1812
4366	4.6897
4367	1.1716
4368	7.6619
4369	1.4837
4370	0.968
4371	9.0851
4372	3.8725
4373	10.9689
4374	4.9535
4375	4.39
4376	3.3978
4377	1.9791
4378	0.8747
4379	1.5244
4380	1.4855
4381	1.3809
4382	48.4186
4383	3.9037
4384	7.4188
4385	4.9862
4386	1.1373
4387	1.9003
4388	2.6961
4389	3.7463
4390	12.5469
4391	2.2807
4392	0.0101
4393	2.6549
4394	3.0609
4395	6.6743
4396	7.3743
4397	2.2662
4398	4.6865
4399	4.8872
4400	2.5399
4401	1.0114
4402	6.2855
4403	8.5022
4404	3.6623
4405	2.2877
4406	2.7815
4407	3.8944
4408	6.1035
4409	2.9367
4410	3.4237
4411	1.2427
4412	0.3946
4413	4.4402
4414	2.8473
4415	4.8178
4416	6.1167
4417	2.3447
4418	2.7404
4419	6.9562
4420	6.1717
4421	6.8721
4422	12.4716
4423	5.9471
4424	9.1195
4425	6.733
4426	7.4464
4427	3.2732
4428	2.002
4429	3.1993
4430	1.398
4431	10.9566
4432	1.0607
4433	2.7855
4434	1.2664
4435	1.9591
4436	0.9847
4437	4.0224
4438	0.9724
4439	4.2602
4440	2.5174
4441	5.4694
4442	6.9596
4443	0.9635
4444	2.8758
4445	4.4862
4446	4.6704
4447	3.6082
4448	8.201
4449	8.537
4450	2.8523
4451	3.9161
4452	3.1377
4453	2.1648
4454	7.9069
4455	0.7568
4456	4.1514
4457	11.7082
4458	4.8656
4459	2.5843
4460	3.9634
4461	4.4256
4462	3.5629
4463	0.9979
4464	2.1021
4465	4.1971
4466	2.2796
4467	6.7061
4468	1.9662
4469	12.8603
4470	3.0974
4471	5.6886
4472	5.0585
4473	2.0316
4474	6.8399
4475	0.6891
4476	1.1045
4477	1.4963
4478	1.9947
4479	2.1335
4480	7.792
4481	2.0513
4482	4.6537
4483	0.7013
4484	1.0786
4485	1.2156
4486	38.1025
4487	5.7145
4488	7.1892
4489	4.4697
4490	5.0306
4491	2.0783
4492	2.0109
4493	2.2043
4494	1.0826
4495	5.5164
4496	1.5962
4497	2.9163
4498	0.9859
4499	3.1468
4500	3.7038
4501	3.9663
4502	4.9424
4503	4.8669
4504	3.9358
4505	20.3093
4506	3.4454
4507	1.5039
4508	1.1403
4509	4.0191
4510	6.5834
4511	4.7457
4512	6.2786
4513	4.7853
4514	5.7507
4515	1.7412
4516	4.7528
4517	1.057
4518	2.6168
4519	4.9854
4520	1.085
4521	3.347
4522	6.6652
4523	2.8685
4524	5.0865
4525	2.8858
4526	2.7077
4527	6.0818
4528	1.982
4529	4.1875
4530	1.261
4531	5.4446
4532	4.3256
4533	6.0323
4534	2.4851
4535	4.1274
4536	5.5981
4537	4.2937
4538	4.6449
4539	3.3475
4540	2.7813
4541	6.8462
4542	2.5464
4543	3.8889
4544	3.0225
4545	2.3344
4546	1.1692
4547	1.8654
4548	3.6008
4549	2.2409
4550	0.9061
4551	17.7993
4552	1.3108
4553	3.3511
4554	2.5471
4555	1.1065
4556	1.319
4557	3.4468
4558	2.5964
4559	4.4369
4560	5.6461
4561	4.5746
4562	4.357
4563	8.5878
4564	4.5109
4565	4.3389
4566	3.092
4567	1.6574
4568	4.6821
4569	6.5847
4570	3.2175
4571	2.7237
4572	3.9294
4573	1.0544
4574	11.4312
4575	1.4707
4576	3.9361
4577	7.3968
4578	2.4177
4579	1.1195
4580	1.0485
4581	2.4917
4582	2.5627
4583	2.767
4584	4.742
4585	3.5451
4586	4.7569
4587	4.3984
4588	3.6031
4589	6.1421
4590	7.2439
4591	2.7107
4592	6.9476
4593	8.0909
4594	0.4422
4595	3.8389
4596	6.2327
4597	4.8162
4598	13.8326
4599	12.259
4600	6.2893
4601	1.9058
4602	3.4206
4603	8.2389
4604	2.5987
4605	1.8365
4606	3.2916
4607	1.1998
4608	3.3419
4609	6.9292
4610	2.93
4611	0.8655
4612	1.1564
4613	1.5657
4614	1.1154
4615	1.7926
4616	1.8898
4617	2.9097
4618	1.5167
4619	4.6445
4620	3.9703
4621	10.4371
4622	3.6994
4623	4.9905
4624	1.9075
4625	3.56
4626	1.394
4627	6.6719
4628	2.9282
4629	5.3995
4630	1.9031
4631	4.1284
4632	4.4048
4633	2.7051
4634	3.4045
4635	1.5418
4636	5.8179
4637	2.0893
4638	3.1406
4639	3.1442
4640	0.8652
4641	3.7724
4642	4.3508
4643	5.1659
4644	4.1447
4645	9.8129
4646	3.0787
4647	0.8341
4648	2.2357
4649	8.4161
4650	5.7703
4651	5.3293
4652	2.8467
4653	5.3989
4654	6.2608
4655	2.1273
4656	6.7641
4657	2.8072
4658	2.3157
4659	1.4283
4660	6.1603
4661	0.9237
4662	2.9539
4663	1.8526
4664	4.2996
4665	2.5482
4666	2.01
4667	2.2489
4668	4.5719
4669	1.9522
4670	7.0473
4671	4.8691
4672	5.5522
4673	3.4552
4674	7.0065
4675	2.6116
4676	2.4825
4677	2.6679
4678	2.3076
4679	1.9621
4680	3.4028
4681	1.73
4682	2.0247
4683	3.3267
4684	1.803
4685	5.6351
4686	4.3289
4687	2.6401
4688	2.4398
4689	4.5708
4690	1.4198
4691	3.0417
4692	4.2037
4693	2.7746
4694	3.8155
4695	6.8855
4696	5.3393
4697	4.4713
4698	11.0091
4699	3.1022
4700	3.7948
4701	1.2992
4702	2.2047
4703	1.9924
4704	2.4178
4705	3.0361
4706	2.0189
4707	5.4221
4708	3.0684
4709	2.027
4710	1.3933
4711	0.8702
4712	2.7189
4713	2.5035
4714	2.0575
4715	2.3315
4716	7.0594
4717	1.7923
4718	1.7971
4719	3.3076
4720	3.5275
4721	0.9952
4722	7.6826
4723	6.4867
4724	11.8148
4725	1.9661
4726	3.238
4727	2.4464
4728	13.5817
4729	1.9501
4730	11.1376
4731	4.6782
4732	11.407
4733	2.9941
4734	2.5208
4735	6.409
4736	6.8276
4737	4.2212
4738	2.4462
4739	1.8577
4740	6.7709
4741	6.3678
4742	8.5407
4743	11.4679
4744	6.3414
4745	2.5573
4746	3.1368
4747	7.9368
4748	2.3447
4749	7.4294
4750	2.6718
4751	3.2553
4752	2.2064
4753	2.7752
4754	3.0029
4755	3.3412
4756	1.4058
4757	2.1646
4758	5.2935
4759	0.9863
4760	4.0293
4761	3.1925
4762	3.2045
4763	11.5218
4764	2.0264
4765	3.7491
4766	2.1488
4767	1.8929
4768	1.3223
4769	4.9439
4770	1.447
4771	2.7679
4772	5.0975
4773	3.0705
4774	1.3177
4775	3.2058
4776	3.4191
4777	2.5572
4778	3.804
4779	15.479
4780	1.2846
4781	5.3593
4782	3.9093
4783	9.4549
4784	1.352
4785	7.2187
4786	4.1083
4787	7.7405
4788	5.2424
4789	2.5253
4790	3.6822
4791	2.7779
4792	2.8242
4793	1.2754
4794	3.2679
4795	1.1587
4796	2.7995
4797	3.627
4798	3.3065
4799	5.7538
4800	1.5398
4801	3.1472
4802	3.9287
4803	1.1413
4804	0.8259
4805	1.8664
4806	2.9839
4807	2.6725
4808	5.1719
4809	0.6826
4810	2.7571
4811	11.8451
4812	3.9294
4813	2.3556
4814	1.0216
4815	4.3401
4816	5.0326
4817	2.1173
4818	0.9715
4819	7.0482
4820	10.2685
4821	4.2417
4822	2.3286
4823	2.7627
4824	5.3503
4825	88.1724
4826	1.4218
4827	5.3461
4828	6.0008
4829	1.8949
4830	1.052
4831	1.9158
4832	4.7246
4833	1.1842
4834	1.4404
4835	1.4184
4836	2.6859
4837	5.6075
4838	5.9565
4839	2.8873
4840	0.8358
4841	6.9958
4842	12.4496
4843	4.2369
4844	3.6567
4845	5.347
4846	1.2329
4847	9.4785
4848	3.429
4849	2.1467
4850	3.0282
4851	1.2751
4852	3.1235
4853	4.937
4854	1.588
4855	1.4072
4856	18.483
4857	-0.903
4858	2.7899
4859	4.0247
4860	1.0062
4861	2.9292
4862	5.3174
4863	32.9047
4864	2.221
4865	4.5429
4866	-0.8801
4867	3.3224
4868	2.1424
4869	0.6794
4870	3.1344
4871	1.3982
4872	1.5122
4873	4.5607
4874	3.4356
4875	2.9002
4876	5.3727
4877	2.0258
4878	4.6901
4879	3.2656
4880	3.2057
4881	1.5068
4882	-1.1201
4883	-1.1134
4884	21.2381
4885	-1.776
4886	-0.4498
4887	1.564
4888	2.006
4889	17.3335
4890	4.6378
4891	3.7495
4892	3.0105
4893	0.9831
4894	9.9218
4895	2.0681
4896	4.3464
4897	4.4705
4898	6.9853
4899	-0.6502
4900	3.0171
4901	7.3709
4902	4.1312
4903	4.0726
4904	0.5424
4905	1.086
4906	1.1269
4907	3.2175
4908	1.9029
4909	2.9509
4910	1.7522
4911	6.2026
4912	5.076
4913	3.4488
4914	3.1683
4915	4.465
4916	1.9075
4917	-1.0156
4918	3.9802
4919	-0.5059
4920	7.787
4921	7.9618
4922	14.5693
4923	2.7885
4924	7.6861
4925	4.8453
4926	-1.1587
4927	2.9625
4928	2.721
4929	2.3447
4930	3.6761
4931	7.5764
4932	2.6684
4933	3.902
4934	2.2946
4935	2.258
4936	8.8442
4937	3.6384
4938	6.0735
4939	3.484
4940	3.1753
4941	9.0601
4942	1.743
4943	7.1504
4944	42.6391
4945	-0.6424
4946	12.352
4947	4.715
4948	7.0354
4949	0.9828
4950	1.8402
4951	6.3324
4952	1.9874
4953	4.3768
4954	3.0527
4955	1.1681
4956	-8.3422
4957	7.4377
4958	6.8072
4959	8.9367
4960	-1.1144
4961	4.0603
4962	4.8277
4963	1.4773
4964	3.2513
4965	1.4528
4966	3.8324
4967	1.1684
4968	4.5332
4969	1.1913
4970	4.9461
4971	2.3627
4972	2.2579
4973	4.2684
4974	5.2347
4975	1.1471
4976	6.8793
4977	30.3168
4978	7.7177
4979	6.317
4980	1.2092
4981	3.8067
4982	3.4077
4983	4.0537
4984	0.5762
4985	3.2074
4986	3.2704
4987	3.927
4988	0.4607
4989	1.6125
4990	2.0835
4991	5.5443
4992	1.3604
4993	5.9131
4994	3.4797
4995	1.2266
4996	5.049
4997	23.9975
4998	4.0711
4999	7.2034
