0 0 1 2
7 32 33 34 35 36
14 72 73 74
18 90 91
26 129
27 131 132 133
32 151 152
33 154
34 156 157 158
35 160 161
46 212 213 214 215 216
47 218 219 220
53 246 247 248
54 250 251
60 276 277 278
63 287 288 289 290 291 292 293 294
65 299 300 301
70 320 321 322
73 334 335 336 337
79 361 362 363
83 381 382 383 384
91 418
96 441 442 443 444 445 446
99 455 456 457
105 489 490 491 492
112 520 521 522 523
124 572 573 574 575 576 577
128 592 593 594 595 596
138 644 645 646
143 671 672 673 674 675
145 679 680
148 694 695 696 697
153 723 724 725
156 739 740 741 742 743 744 745 746
162 761 762 763 764 765 766
172 809 810
176 825
179 833 834 835 836
180 838 839 840 841 842 843 844
181 846 847 848 849
182 851 852 853
183 855 856 857
184 859 860 861 862 863 864
185 866 867 868
189 888 889
190 891 892 893
194 908 909 910
198 930 931 932 933
200 939 940
202 945 946 947 948 949 950
209 982
217 1018 1019 1020 1021 1022 1023
220 1038 1039
223 1052 1053 1054
224 1056 1057 1058 1059 1060 1061 1062 1063
235 1107 1108 1109 1110 1111
244 1145 1146 1147 1148 1149 1150 1151
246 1153 1154
247 1156 1157 1158 1159 1160 1161
253 1189 1190 1191
254 1193 1194 1195
258 1212 1213
261 1226 1227
263 1233
264 1235
265 1237 1238 1239 1240
270 1262 1263 1264 1265
273 1278
277 1295 1296
281 1314 1315 1316 1317 1318 1319 1320
285 1345 1346 1347
286 1349 1350
290 1367 1368
295 1385 1386 1387 1388 1389
296 1391 1392 1393 1394
298 1403
302 1417 1418 1419 1420
303 1422 1423 1424
305 1431 1432
307 1434 1435
318 1481 1482
323 1503 1504 1505 1506 1507
324 1509 1510 1511 1512 1513 1514
330 1546 1547 1548 1549 1550
331 1552 1553 1554
333 1559
334 1561
341 1582 1583 1584
342 1586 1587 1588 1589
355 1633 1634 1635
358 1645 1646 1647 1648
364 1672 1673 1674 1675 1676
367 1685 1686 1687 1688
371 1706 1707 1708 1709 1710 1711
382 1751 1752 1753 1754
384 1762 1763 1764 1765
385 1767 1768 1769 1770
401 1845 1846 1847
407 1875 1876
417 1919 1920 1921
423 1946 1947 1948 1949
425 1954 1955 1956 1957
426 1959 1960 1961 1962 1963
429 1977 1978
430 1980 1981 1982 1983 1984 1985 1986 1987
431 1989 1990 1991
438 2016 2017 2018 2019 2020
439 2022 2023 2024 2025
446 2061 2062 2063 2064 2065 2066
448 2073 2074 2075 2076 2077
449 2079 2080 2081 2082
454 2097 2098 2099
455 2101 2102 2103 2104
459 2114 2115 2116 2117
460 2119 2120
468 2146 2147 2148 2149 2150 2151
469 2153 2154 2155
477 2186 2187 2188 2189 2190 2191 2192
481 2205 2206 2207 2208 2209 2210 2211
483 2218 2219 2220 2221 2222
492 2261 2262 2263 2264
499 2295 2296
500 2298 2299 2300 2301 2302 2303
506 2324 2325
507 2327 2328
516 2370 2371
522 2394 2395 2396 2397 2398
527 2410 2411 2412 2413
528 2415 2416 2417
529 2419 2420 2421 2422 2423 2424
533 2440 2441 2442
549 2525 2526 2527
550 2529 2530 2531 2532
560 2567
566 2602 2603 2604 2605 2606 2607
571 2626 2627 2628 2629
573 2636 2637 2638 2639
576 2653 2654 2655 2656 2657 2658
579 2669 2670 2671 2672 2673 2674 2675 2676 2677
586 2711 2712 2713
589 2719 2720 2721 2722
596 2747 2748
599 2760 2761 2762 2763 2764
601 2768 2769
617 2841 2842 2843 2844
619 2850 2851 2852 2853 2854 2855 2856 2857
621 2861 2862
622 2864 2865
625 2875
629 2891 2892 2893 2894
634 2915
636 2924 2925 2926 2927
645 2971 2972 2973 2974 2975
666 3083 3084 3085 3086 3087
668 3094 3095 3096
674 3121 3122
678 3142 3143
681 3155 3156
689 3190 3191 3192 3193 3194 3195
694 3218 3219 3220 3221 3222 3223
700 3252 3253 3254
702 3260 3261
703 3263 3264 3265 3266 3267 3268
704 3270 3271 3272
717 3327 3328 3329 3330 3331
719 3338
732 3403 3404 3405 3406
739 3435 3436 3437 3438
745 3465 3466 3467
748 3482 3483
763 3550 3551 3552 3553 3554
772 3584 3585 3586
774 3592 3593 3594 3595 3596 3597 3598 3599
784 3637 3638 3639
788 3656 3657
790 3662 3663 3664 3665 3666 3667
794 3676 3677 3678 3679 3680 3681
812 3762 3763 3764 3765
817 3778 3779 3780
819 3784 3785 3786 3787
822 3796 3797 3798
826 3808 3809 3810 3811 3812 3813
830 3824 3825
837 3855 3856 3857
839 3863 3864 3865 3866 3867 3868
842 3880 3881 3882 3883
843 3885
844 3887 3888 3889 3890 3891 3892
850 3913 3914 3915 3916 3917
851 3919 3920 3921
862 3971 3972 3973 3974 3975
871 4003
873 4005 4006 4007 4008 4009 4010 4011 4012 4013
874 4015 4016 4017 4018
876 4024
881 4050 4051 4052
891 4096 4097 4098 4099 4100
899 4130 4131 4132 4133
902 4147 4148 4149 4150
904 4157 4158 4159
906 4169 4170 4171 4172
909 4185 4186 4187
914 4211 4212 4213 4214
929 4276 4277 4278
934 4289 4290 4291
942 4328 4329 4330 4331 4332
944 4339 4340 4341 4342
949 4360 4361 4362 4363 4364
958 4392 4393 4394
962 4413 4414 4415 4416 4417 4418
963 4420 4421 4422
964 4424 4425 4426
966 4436 4437 4438
969 4451 4452
974 4474 4475 4476 4477 4478
977 4488 4489 4490 4491 4492
985 4522
986 4524 4525 4526 4527
989 4543 4544 4545
1001 4596 4597 4598
1003 4600 4601 4602
1007 4619 4620 4621 4622
1014 4655 4656 4657 4658 4659 4660
1024 4705
1030 4728 4729 4730 4731
1039 4774 4775
1041 4780 4781 4782 4783 4784 4785 4786 4787
1046 4812 4813 4814
1058 4863 4864
1062 4878 4879 4880
1063 4882 4883 4884
1065 4890 4891 4892
1074 4933 4934 4935 4936
1081 4964 4965 4966
1082 4968 4969 4970 4971
1087 4992 4993 4994 4995 4996 4997
1093 5013 5014 5015 5016
1094 5018 5019 5020
1102 5055 5056 5057 5058
1106 5070 5071 5072 5073
1109 5082 5083
1110 5085 5086 5087
1112 5093 5094
1113 5096 5097
1116 5108 5109 5110
1117 5112 5113 5114 5115 5116
1133 5174 5175 5176 5177 5178
1136 5190
1146 5235 5236 5237 5238 5239 5240
1147 5242
1148 5244 5245
1152 5260 5261
1155 5270 5271 5272 5273
1159 5281 5282 5283 5284 5285
1166 5310 5311 5312 5313 5314
1171 5331 5332 5333
1176 5354
1179 5361 5362
1196 5435 5436 5437 5438 5439 5440
1209 5486 5487 5488 5489 5490
1210 5492 5493
1217 5520 5521 5522 5523 5524 5525
1219 5532 5533
1220 5535
1224 5546 5547 5548
1234 5595 5596 5597 5598
1235 5600 5601 5602 5603
1239 5618
1247 5655 5656
1251 5672
1253 5680 5681 5682 5683
1257 5698 5699 5700 5701 5702
1258 5704
1269 5743 5744 5745 5746
1273 5756 5757
1278 5780 5781 5782 5783 5784
1282 5796 5797 5798 5799 5800 5801 5802 5803
1283 5805
1290 5832 5833 5834 5835
1299 5868 5869
1311 5930 5931
1316 5945 5946 5947 5948
1320 5954 5955 5956
1321 5958 5959
1333 6017 6018 6019 6020
1338 6039 6040 6041 6042 6043 6044
1345 6069 6070
1359 6122 6123 6124 6125
1363 6139
1372 6176 6177 6178 6179 6180 6181
1384 6237 6238 6239 6240
1388 6254
1401 6309 6310 6311
1410 6345 6346 6347
1411 6349 6350 6351 6352
1412 6354 6355 6356 6357 6358
1420 6389 6390
1423 6404 6405
1436 6460 6461
1442 6488 6489
1443 6491 6492 6493
1448 6513 6514 6515
1449 6517 6518 6519 6520 6521 6522 6523
1453 6539 6540 6541
1457 6556 6557 6558 6559 6560 6561 6562
1467 6598 6599 6600 6601
1472 6623 6624 6625 6626
1473 6628 6629 6630 6631 6632
1477 6650 6651 6652 6653 6654 6655
1479 6661 6662 6663
1492 6706 6707 6708 6709 6710
1498 6731
1500 6736 6737
1506 6765 6766 6767
1510 6779
1511 6781 6782 6783 6784 6785 6786
1522 6819
1544 6897 6898
1545 6900 6901 6902 6903
1549 6914 6915
1561 6958 6959 6960 6961
1566 6983 6984 6985
1570 7001 7002 7003 7004
1571 7006 7007
1577 7034 7035
1594 7096 7097 7098
1597 7106 7107 7108
1598 7110
1599 7112 7113 7114
1606 7141 7142
1607 7144
1617 7190
1626 7226 7227 7228
1628 7237 7238
1631 7246 7247 7248 7249 7250
1640 7283
1645 7301 7302
1646 7304 7305
1648 7311 7312 7313
1664 7370 7371
1672 7398 7399 7400 7401
1676 7417 7418 7419 7420 7421
1677 7423
1711 7546 7547 7548
1719 7577 7578 7579 7580
1720 7582 7583 7584 7585 7586 7587 7588 7589 7590
1727 7621 7622
1732 7638 7639 7640
1737 7661 7662 7663 7664 7665
1743 7687 7688 7689 7690
1761 7757 7758 7759
1764 7766 7767 7768
1789 7877
1795 7894 7895 7896 7897
1798 7909 7910 7911 7912 7913
1801 7925 7926
1803 7931 7932
1804 7934 7935 7936
1807 7948 7949 7950
1808 7952 7953 7954 7955 7956 7957
1809 7959 7960 7961 7962 7963 7964
1810 7966 7967 7968 7969 7970 7971
1811 7973 7974 7975 7976 7977 7978
1829 8042 8043 8044 8045 8046 8047 8048
1833 8065 8066 8067 8068 8069
1837 8086 8087 8088 8089
1839 8097 8098 8099
1850 8144 8145 8146
1851 8148 8149
1852 8151 8152 8153 8154 8155
1853 8157 8158 8159 8160 8161
1856 8172
1859 8180
1861 8188 8189 8190 8191 8192
1868 8210 8211
1873 8232 8233 8234
1875 8238 8239 8240 8241
1890 8298 8299 8300 8301 8302
1891 8304 8305 8306 8307 8308 8309
1894 8320 8321 8322 8323 8324 8325 8326 8327
1896 8336 8337
1898 8343 8344 8345
1901 8360 8361 8362
1905 8374
1906 8376
1917 8419 8420 8421
1927 8452 8453 8454 8455 8456
1939 8504 8505 8506 8507 8508
1941 8513 8514 8515 8516
1949 8546
1953 8557 8558
1956 8566 8567 8568
1963 8597 8598 8599 8600 8601
1978 8659 8660 8661
1986 8694 8695 8696 8697 8698
1996 8729 8730 8731 8732
2003 8755 8756
2020 8813 8814 8815 8816 8817 8818 8819
2023 8826 8827 8828 8829 8830 8831
2024 8833 8834 8835
2029 8848 8849 8850 8851 8852 8853
2031 8860 8861 8862 8863
2033 8869 8870
2040 8895
2050 8938 8939
2051 8941 8942 8943 8944 8945
2058 8972 8973
2062 8982 8983
2063 8985 8986
2068 9006
2070 9011 9012 9013 9014
2084 9073 9074 9075 9076
2095 9125 9126
2098 9139
2099 9141 9142
2102 9149 9150 9151
2104 9158 9159 9160 9161
2105 9163 9164 9165 9166
2106 9168 9169 9170
2109 9183 9184
2111 9188 9189
2118 9211
2121 9224 9225
2124 9236 9237
2129 9255 9256
2130 9258 9259 9260 9261
2131 9263
2148 9307 9308 9309 9310
2155 9341 9342
2160 9362 9363 9364 9365
2168 9393 9394 9395 9396
2170 9404 9405 9406
2173 9414 9415 9416
2174 9418 9419
2177 9428 9429 9430 9431
2182 9450 9451 9452 9453
2195 9499 9500
2199 9517 9518
2201 9523
2202 9525 9526 9527
2205 9537 9538 9539 9540 9541
2207 9543 9544 9545
2208 9547 9548 9549
2212 9563 9564 9565 9566
2214 9573 9574 9575
2216 9586 9587 9588 9589
2219 9602 9603 9604 9605
2220 9607 9608
2224 9619 9620 9621 9622 9623 9624 9625 9626
2225 9628 9629 9630
2233 9663 9664 9665 9666 9667 9668
2238 9686 9687 9688 9689
2242 9706 9707 9708 9709
2243 9711
2247 9731 9732 9733
2251 9747 9748 9749 9750 9751 9752
2262 9790 9791 9792 9793 9794
2265 9807
2276 9842 9843
2278 9848 9849 9850 9851
2286 9882
2304 9954
2320 10007 10008 10009 10010 10011 10012 10013 10014
2331 10050 10051 10052
2341 10087 10088
2342 10090 10091 10092
2350 10118 10119 10120 10121
2352 10129
2353 10131 10132 10133
2373 10202 10203 10204
2377 10214 10215 10216
2385 10238 10239 10240
2386 10242 10243 10244 10245
2387 10247 10248 10249 10250
2391 10264 10265
2397 10283
2404 10312
2409 10332 10333 10334
2415 10360
2417 10368
2418 10370 10371 10372 10373 10374 10375 10376
2427 10414 10415 10416 10417
2441 10465 10466 10467
2445 10478
2450 10486 10487
2457 10503 10504 10505 10506 10507
2459 10512 10513 10514 10515
2463 10531 10532
2466 10544 10545
2468 10547 10548
2469 10550 10551 10552
2476 10583 10584
2489 10621 10622
2506 10688 10689
2512 10716 10717
2513 10719 10720
2514 10722 10723 10724 10725
2515 10727 10728 10729 10730 10731
2524 10760
2525 10762
2526 10764 10765 10766 10767
2528 10773
2533 10787 10788 10789 10790
2536 10797 10798 10799 10800
2552 10863 10864
2554 10869 10870 10871
2564 10901
2570 10924
2575 10943 10944 10945
2577 10950 10951 10952
2578 10954 10955 10956 10957 10958 10959 10960 10961
2583 10977 10978 10979 10980
2586 10994 10995 10996 10997 10998 10999
2595 11028
2608 11072 11073 11074
2617 11110 11111
2628 11154 11155
2629 11157 11158 11159
2641 11204 11205 11206 11207 11208
2642 11210 11211 11212
2643 11214 11215 11216
2644 11218
2647 11226 11227 11228 11229 11230
2654 11254 11255 11256 11257 11258
2663 11284 11285
2665 11291 11292 11293 11294 11295 11296
2667 11306 11307
2670 11314 11315 11316 11317
2675 11333 11334 11335 11336
2689 11372
2695 11391 11392 11393
2696 11395 11396 11397
2698 11399 11400 11401 11402
2702 11414
2706 11433 11434
2711 11449
2715 11462 11463 11464 11465
2722 11493 11494 11495 11496
2730 11519 11520 11521
2739 11554 11555
2742 11567 11568 11569 11570 11571 11572 11573 11574 11575
2747 11589 11590
2748 11592 11593
2750 11597 11598
2751 11600
2757 11623
2758 11625
2759 11627 11628
2762 11637 11638 11639 11640 11641
2763 11643 11644
2768 11656 11657 11658 11659 11660
2770 11665 11666
2774 11679
2786 11723 11724
2794 11756 11757
2805 11798 11799
2807 11805 11806 11807 11808 11809
2818 11848 11849 11850
2819 11852 11853
2820 11855 11856 11857
2840 11919 11920 11921 11922 11923 11924
2842 11930 11931
2844 11936 11937 11938 11939 11940
2845 11942 11943 11944 11945 11946
2847 11948 11949
2856 11982
2869 12024
2876 12047 12048 12049 12050
2878 12059 12060
2881 12071 12072
2886 12088 12089
2894 12115 12116
2897 12125 12126
2900 12134 12135 12136 12137 12138
2909 12160
2913 12174 12175 12176 12177
2931 12242
2933 12248 12249 12250
2953 12311 12312
2954 12314
2968 12357 12358 12359
2982 12401 12402 12403 12404 12405
2991 12431
2994 12442
2999 12451 12452 12453
3009 12476
3013 12484 12485 12486
3016 12496
3021 12504 12505 12506 12507
3024 12519 12520 12521
3027 12533 12534
3032 12541
3038 12555 12556
3052 12604 12605
3056 12615 12616
3059 12624 12625
3066 12646 12647
3070 12658 12659 12660
3074 12672
3083 12695 12696 12697 12698
3101 12764 12765 12766 12767
3105 12779 12780
3109 12795
3112 12802
3119 12825 12826 12827 12828
3135 12877 12878
3141 12892 12893
3143 12899 12900
3149 12914 12915
3150 12917 12918 12919 12920 12921 12922
3155 12935 12936
3160 12945
3171 12979
3177 13000 13001
3180 13010 13011 13012
3181 13014 13015 13016
3186 13034 13035
3187 13037 13038 13039 13040
3189 13045 13046
3207 13095 13096
3214 13108 13109 13110 13111
3218 13120 13121 13122
3219 13124 13125
3222 13130 13131 13132
3242 13177
3255 13213 13214 13215 13216 13217
3256 13219
3257 13221
3262 13231
3266 13247 13248
3275 13275 13276
3283 13303 13304
3289 13322 13323 13324
3300 13352 13353
3304 13359 13360 13361
3317 13401 13402
3318 13404 13405 13406
3321 13415 13416 13417
3325 13431
3328 13442 13443 13444
3334 13459
3337 13464 13465 13466
3339 13468 13469 13470
3345 13490 13491
3347 13498 13499
3376 13585
3379 13590
3380 13592
3383 13598
3385 13600 13601 13602
3391 13617
3397 13630 13631
3399 13636
3400 13638
3402 13643
3406 13655 13656 13657 13658
3415 13685 13686 13687
3422 13708 13709
3459 13805
3465 13816
3466 13818 13819
3483 13865
3490 13883
3493 13889 13890 13891
3510 13923
3536 13988 13989 13990 13991
3540 14002 14003
3541 14005
3545 14013
3550 14027 14028 14029
3554 14040
3569 14077 14078 14079 14080 14081 14082
3570 14084
3574 14092
3577 14096
3584 14109
3585 14111 14112 14113
3587 14117
3588 14119 14120 14121 14122
3592 14134 14135 14136 14137 14138 14139 14140 14141
3598 14153 14154
3599 14156 14157
3601 14164 14165 14166
3603 14170 14171
3608 14182
3609 14184 14185
3628 14219
3630 14224
3636 14236 14237 14238
3639 14248 14249 14250
3641 14255 14256 14257
3647 14263 14264
3648 14266
3656 14285 14286
3662 14295 14296 14297
3663 14299
3666 14303
3685 14340 14341 14342
3686 14344 14345
3703 14386
3710 14397
3733 14438 14439
3768 14489
3786 14514
3795 14524
3824 14561
3846 14567
3860 14584
3883 14605
